1,302.75,89,7.1,90,73,78,80,187.75,32
2,482,85,16,95,73,100,84,1,2
3,3321.4,89,1.4,96,73,78,80,2.6,96
4,126.17,98,12,100,67,78,82,22.77,89
5,107,87,1.9,95,73,89,62,58.33,93
6,107.57,80,1.7,81,67,78,82,18.21,61
7,255,98,1.3,99,67,100,82,40.8,4
8,136.71,76,2.8,76,60,89,69,11.57,8
9,102.62,91,15.3,97,67,78,82,0.93,91
10,93.37,96,13.5,99,67,89,58,41.66,93
11,133,86,7.7,95,73,78,84,10.67,9
12,221.48,90,10.9,97,53,89,66,37.26,6
13,114,86,16.1,86,73,89,84,67,8
14,269.83,85,4.5,86,53,89,66,74.96,6
15,134.07,84,12.2,85,60,89,69,8.21,4
16,67.5,86,6,86,73,78,80,1.5,95
17,131.57,80,2.3,80,53,67,76,6.5,10
18,213.2,88,1.6,96,73,100,84,7.8,36
19,1360,83,10.4,84,83,89,91,3,3
20,108,86,0.7,95,73,78,80,0.33,90
21,50,72,13.3,72,73,78,84,4,7
22,1069.5,71,3,72,83,89,91,744,36
23,132,83,14.3,84,73,78,84,16,63
24,265.09,94,10.2,94,73,89,62,48.18,11
25,124.17,94,2.1,98,73,100,80,30.84,37
26,408.21,56,5,58,73,78,80,121.46,89
27,259,97,1.2,99,58,100,75,7.2,32
28,408,83,15.2,84,83,89,91,3,6
29,173,46,3.8,47,78,89,89,4.83,93
30,320.48,86,1.2,86,53,89,66,125.18,10
31,128.31,91,12.4,97,67,78,82,20.8,91
32,149.67,89,1.1,96,73,78,80,13,8
33,672.2,91,7.9,97,73,100,84,9.2,36
34,59.58,77,8.8,78,67,100,77,3.95,3
35,499,83,19.7,84,83,89,91,31,5
36,1334,100,8.3,100,73,100,80,89,32
37,229.75,86,10.1,95,73,89,84,87.75,90
38,266.83,36,0.9,37,60,89,69,15.91,7
39,49.43,42,10.6,43,73,78,62,6,89
40,64.96,18,4.3,18,60,78,79,5.15,1
41,106.75,90,16.2,96,73,78,80,24.13,93
42,580.5,72,4.4,72,67,89,72,19,40
43,205,73,1.4,74,58,78,80,12,7
44,294.5,87,14.5,95,73,89,62,66,39
45,113.25,88,1.7,96,53,78,66,43.25,41
46,68.91,19,4.4,20,60,78,79,5.91,2
47,184.67,73,2.7,74,73,89,80,40.84,93
48,131.25,70,4.8,70,73,89,84,3.63,10
49,142.5,93,4.4,98,73,78,84,26.75,95
50,141.77,56,7.5,56,67,78,77,88.31,86
51,269.09,85,3.9,85,53,89,66,84.92,2
52,227,88,21.2,96,73,100,84,23,34
53,511.25,77,4.7,78,73,89,84,269.25,91
54,173,67,0.5,68,73,100,80,1.67,92
55,645,86,8,86,73,89,80,86.5,64
56,300.12,90,7.9,97,67,78,82,14.88,63
57,1035,71,8.4,72,73,78,88,6,11
58,515.2,86,9.2,95,73,100,84,8.8,37
59,430.5,40,3.3,40,73,67,84,13.25,61
60,205.33,90,3.5,97,60,100,74,48.33,28
61,262.5,92,6.9,97,60,100,74,83.5,5
62,451,23,1.8,24,42,78,74,334.1,7
63,207,86,13.5,86,73,89,84,78.5,5
64,115,72,12.9,72,83,89,91,4.5,7
65,184,100,12.1,100,80,78,87,1,9
66,119.33,86,1.2,95,73,78,84,1.66,6
67,166.67,75,1.2,75,67,78,77,7.84,38
68,241.5,78,7.7,79,67,89,72,71.5,10
69,301.8,98,1.2,100,73,100,84,8.2,31
70,300.6,100,1.4,100,67,100,82,42.6,1
71,227.6,86,14.5,95,73,100,84,10.6,39
72,617.67,88,7.1,96,73,100,84,13.67,11
73,151.33,97,6.9,99,73,78,84,8.66,6
74,115,83,22.3,84,83,89,91,4,5
75,42.5,72,13.1,72,73,78,84,3.5,8
76,179,85,1.1,95,60,100,74,47,76
77,179.29,87,2.6,95,60,89,69,26,40
78,3610.2,96,1.4,99,67,100,77,6.4,97
79,123,96,14.6,99,83,89,91,68.5,6
80,198.5,72,15.1,72,83,89,91,6,4
81,265.4,99,1.5,100,67,100,82,35.2,11
82,130.33,63,7.8,63,73,78,84,14.66,65
83,100,94,36.3,98,73,100,84,1,1
84,196,69,9.7,70,73,78,80,44.75,94
85,47.27,61,20.3,62,67,78,82,2,3
86,431.33,85,9.4,95,67,78,72,6.66,8
87,43,47,3.6,47,80,100,83,5.17,95
88,215.6,91,15.9,97,73,100,84,5.4,37
89,271,63,2.7,64,67,89,72,152,84
90,215.5,95,3.6,95,78,50,89,15,11
91,107,83,31.3,84,73,100,84,3,7
92,122,90,3.9,97,73,78,80,1,94
93,307.75,71,2.1,71,73,78,84,2.37,4
94,498.5,91,4.8,91,60,89,82,31.17,7
95,283.74,86,3.3,87,53,89,66,96.78,5
96,136.94,26,3.1,26,67,78,82,4.44,64
97,210,89,15.7,96,73,100,84,5.8,38
98,91.8,97,24.7,99,73,78,84,8.8,10
99,1314.75,78,3.5,79,73,78,84,30.75,5
100,334.71,43,4.4,43,73,89,75,14.85,1
101,146.08,57,10.2,59,53,89,71,52.93,88
102,266.92,72,1.4,72,80,100,83,2.34,2
103,305.4,93,12.2,98,73,100,84,7.8,42
104,2561.33,87,1.2,96,67,78,72,28,40
105,388.5,73,2,73,58,100,72,1,97
106,239.33,88,9,96,83,78,91,7,7
107,154,90,23.9,97,73,78,80,9,9
108,297.38,71,1.9,72,73,89,75,6.38,66
109,542.87,26,4.4,26,53,100,66,32.94,32
110,83.33,39,1.7,40,80,78,78,1,63
111,332.25,78,5.9,78,73,89,88,140.25,92
112,239.22,85,7.7,86,53,89,66,53.22,12
113,401.62,86,8.1,95,60,78,74,0.77,61
114,114,86,17.9,86,73,89,84,3,8
115,320.4,89,12.3,96,73,100,84,9.2,35
116,223,91,3.9,97,73,100,84,33.4,4
117,2123,100,8.8,100,73,100,84,4,2
118,240.6,86,1.2,95,73,100,84,11,37
119,532.75,78,5.5,78,67,89,72,26,7
120,290.3,86,4.4,86,53,89,66,97.47,4
121,233.2,97,2.1,99,73,100,84,7.4,32
122,109.6,99,19.3,100,73,78,62,1,94
123,1021.5,65,3.1,65,73,89,75,4.83,66
124,197,95,0.8,98,58,100,75,6,35
125,333,83,14.9,84,83,89,93,6,7
126,496.43,48,0.8,48,67,89,72,338.86,90
127,239.05,97,8.8,99,67,78,77,37.38,3
128,2440.33,71,1.1,72,67,78,77,1883.33,6
129,203,57,1.2,59,67,89,72,110.5,83
130,261,36,0.9,37,60,89,69,13.67,12
131,148.56,99,2.3,100,73,89,75,98.67,9
132,311.25,56,7,56,83,89,91,7,24
133,115,83,22.8,84,73,100,84,4,11
134,180,95,14.6,99,73,100,84,23.5,88
135,4207.5,92,1.1,92,80,89,83,3881.25,11
136,136.71,90,3.8,97,60,78,74,5.23,93
137,293.5,70,2.5,70,73,89,80,13.5,95
138,162.25,78,9.1,78,73,89,84,7.25,93
139,689.42,34,1.1,34,67,89,72,236.75,87
140,120,87,24.2,95,67,89,82,2,7
141,490.5,89,4.1,96,73,100,80,4.5,9
142,1041,83,12.8,84,73,89,75,5,11
143,335.5,78,3.6,79,73,78,80,81,8
144,383.2,98,2.1,100,73,100,84,6.2,39
145,510,100,13.9,100,73,100,80,1,3
146,316.07,32,1,32,60,89,69,225,94
147,270.5,95,19.1,98,78,89,89,4.5,2
148,464.62,40,3.6,40,78,78,89,16.12,6
149,250.4,93,2,98,50,100,72,45.4,6
150,411.83,85,0.4,86,53,89,66,142.96,10
151,171,83,18.6,84,80,78,87,5,5
152,115,96,28,99,73,100,84,1,8
153,389,84,1,84,67,89,82,289,10
154,724.82,99,4.7,100,60,89,69,13.53,5
155,104.5,85,15.6,95,73,89,62,46.5,92
156,292,83,16.6,84,58,89,80,5,4
157,144.5,96,22.3,99,67,78,72,19.5,6
158,193.6,67,3.4,67,73,89,84,23.4,40
159,1423.5,47,2.2,47,78,89,89,162.5,7
160,42.5,72,13.2,72,73,78,84,2,12
161,570.5,99,8.3,99,67,100,83,484,3
162,500.71,92,2.2,93,67,89,58,233.85,86
163,136,83,21.4,84,83,78,91,6,11
164,324,86,23.1,95,73,100,80,21,2
165,1316.17,75,1.2,75,73,78,84,81,12
166,284.65,86,3.1,86,53,89,66,96.22,2
167,3484,87,5.8,96,73,100,84,4,41
168,119,61,2.9,62,53,67,71,5,6
169,113.75,100,1,100,73,78,84,6.75,38
170,63.8,99,18.1,100,73,78,84,1.8,95
171,180,83,13.5,84,73,78,84,7,9
172,1296,86,6.9,86,73,78,80,1,5
173,352,98,21.5,100,58,89,75,1,7
174,125,100,17.4,100,67,78,82,2,39
175,1987,56,1.9,57,60,89,79,7.73,89
176,724,85,13.1,95,50,89,72,2,8
177,585.5,97,1,99,60,100,74,19.5,77
178,470,99,0.5,100,60,100,79,14,9
179,227,92,0.9,97,58,100,75,8,34
180,252.35,85,5.3,86,53,89,66,53.96,6
181,551.79,80,1.8,81,53,67,76,6.93,8
182,58,95,16,98,73,78,80,1,5
183,718,86,3.3,87,67,78,82,54.5,2
184,67.25,56,15.5,56,78,89,89,4,10
185,130.14,88,20.5,96,80,78,83,19.28,1
186,204.6,96,1.9,99,58,100,75,7.8,33
187,339,87,11.7,95,67,78,72,48,3
188,305.8,88,13.5,96,58,100,75,6,33
189,56,97,9,99,73,78,84,1,35
190,100,99,19.8,100,73,100,84,30.5,2
191,789.8,98,2.2,95,73,89,62,593.2,4
192,324.67,97,4.1,98,80,78,87,77.67,42
193,149.67,86,11.2,95,73,100,84,82,3
194,417,86,6.5,86,73,100,84,230,5
195,60.05,77,9.1,77,67,100,77,4.1,11
196,143.33,88,15.7,88,73,100,80,8.66,61
197,501.79,28,4.8,28,73,67,80,88.36,40
198,274.52,86,4.3,86,53,89,66,87.3,11
199,116,89,12.9,89,67,78,72,1.5,7
200,667.11,38,2.1,38,73,89,75,82,39
201,163,91,33.2,97,73,100,84,1,6
202,146.5,90,17.6,97,73,100,80,3,8
203,127,90,23.1,96,67,100,83,9,10
204,134.08,97,15.4,99,73,100,84,10.16,20
205,597.5,98,3.7,100,60,100,74,43.5,66
206,182.33,100,11.6,100,73,100,84,63.33,91
207,121.67,99,9.6,100,73,100,84,0.67,65
208,219.2,85,0.9,95,58,100,75,7.6,36
209,175,92,4.3,97,73,78,84,13,2
210,135.67,93,2.4,98,58,67,75,21.84,5
211,334,92,1.5,97,67,100,82,38.8,11
212,51.5,100,1.8,100,73,78,80,2,32
213,207.2,85,1.1,95,73,100,84,7,36
214,4480.8,52,1,53,50,78,66,1652.4,8
215,154,71,14.4,72,73,89,80,5.5,5
216,123.92,97,15.6,99,73,100,80,15.5,1
217,669.1,56,1.3,57,60,89,69,3.2,64
218,243,98,25.6,100,73,100,84,1,6
219,126.67,94,9.5,98,73,100,84,0.67,94
220,114.5,95,14.2,99,67,78,77,0.6,93
221,65.4,92,6.8,92,67,100,77,8.25,3
222,196,88,9.8,96,73,78,84,37,8
223,148.95,89,10.8,96,67,100,77,6.73,10
224,166.63,99,9.6,100,67,100,82,33.55,58
225,306.8,90,12.7,97,73,100,84,9,35
226,223.6,100,0.7,100,73,100,84,6,37
227,229.79,89,7.4,89,67,100,77,41.32,2
228,219,56,10.4,56,60,78,69,67,40
229,236.67,63,6.4,63,53,89,66,8.67,67
230,460,56,2.6,57,60,78,79,107.5,9
231,248.8,88,1.1,96,67,100,82,42.4,8
232,220.6,90,1.3,96,73,100,84,9.2,37
233,242.4,89,1.1,96,73,100,84,7.6,34
234,257.5,100,3.4,100,73,78,84,1,35
235,170,85,3.1,95,60,100,79,48.25,87
236,87.14,87,20.5,95,67,89,58,0.71,41
237,219,99,16.4,99,80,100,83,1,2
238,122,86,14.5,86,67,78,82,3,4
239,228.6,100,14.1,100,73,100,84,9.8,36
240,187.75,64,8.1,65,73,78,75,63,86
241,184.74,62,7.9,62,67,67,77,19.3,10
242,1104.67,47,3.1,47,83,89,91,29.84,1
243,276,88,1.6,96,67,100,82,32.8,4
244,316.3,84,2,85,53,89,66,120.13,12
245,63.25,98,25.6,100,67,78,66,10.25,30
246,140.5,97,18,99,73,78,84,50,40
247,167.5,86,16.1,86,73,78,84,2,91
248,287.22,86,5.5,86,53,89,66,77.57,7
249,244,86,26.7,95,83,100,91,2,9
250,1138.33,88,4.7,88,73,100,80,402.33,11
251,154,98,14,99,73,100,80,3,4
252,1226,91,6.3,97,73,100,84,3,12
253,55.5,81,19.1,82,73,100,80,4.75,3
254,287.22,85,3.5,86,53,89,66,101.05,5
255,283,83,20.3,84,73,89,75,13,4
256,825.8,90,5.9,91,60,78,69,123.2,6
257,335.58,65,8.9,66,73,78,80,3.75,11
258,224,78,3.9,79,73,78,84,1.75,96
259,581,83,15.6,84,50,89,66,116,2
260,130.75,56,10.8,56,83,78,91,3.5,4
261,203,72,22.1,72,83,89,91,3,58
262,272.43,85,1.9,86,53,89,66,69.39,7
263,333.52,86,3,86,53,89,66,111.26,11
264,121,91,7.9,97,73,78,84,10,12
265,102,90,18.6,97,73,78,80,1,92
266,330.19,92,8.6,97,67,100,77,17.13,64
267,77.9,91,17.1,97,73,78,62,20.57,36
268,111,98,0.8,100,67,100,77,27,93
269,214.62,32,2.3,32,53,78,66,57.39,3
270,463.6,91,2,91,73,100,84,98.4,41
271,854,96,14.7,99,73,100,84,1,87
272,540.5,72,3.7,72,67,89,72,35,90
273,905,96,1.6,99,73,78,84,3,4
274,158.8,87,5.8,96,73,78,80,30.8,6
275,109.75,70,11.4,70,73,78,80,61.25,96
276,664,83,11.4,84,53,89,66,2,6
277,1529,72,5.3,72,83,89,91,6,8
278,95.25,99,16.3,100,73,78,80,1,35
279,146.83,85,2.1,95,83,89,91,95.58,7
280,382.71,27,5.7,28,73,89,80,62.92,36
281,322.33,99,9,100,73,89,62,18.66,8
282,599,85,10.3,95,73,78,84,2,35
283,235.4,87,1.4,95,73,100,84,10,41
284,2836.25,79,2.4,79,73,67,84,78.75,7
285,202,98,9.7,99,80,78,87,43,94
286,71.75,59,1.2,60,67,100,77,4.5,38
287,312,88,3,96,73,100,84,47,11
288,248.4,98,1.4,99,58,100,75,10.2,37
289,298.83,46,7.7,46,83,89,91,114,91
290,474.91,91,5.8,97,60,78,74,162.87,86
291,142,39,6.3,40,73,89,84,6.12,88
292,262.5,89,5.3,96,73,100,80,18,60
293,443,98,10.1,100,58,100,75,5.8,39
294,255.08,12,8.1,13,53,78,71,6.34,62
295,245.8,89,1.2,96,73,100,84,7.4,34
296,409.5,86,1.7,87,58,100,69,173.5,91
297,1730,72,2,72,67,89,72,245.5,9
298,235.9,61,4,61,73,67,84,86.9,88
299,293,99,27.8,100,73,100,80,13,5
300,372.25,66,4.7,66,80,89,83,77.83,8
301,104.5,86,23.5,86,73,89,80,2,5
302,305.37,87,8,87,67,100,77,90.95,7
303,138.5,86,21.4,86,73,89,84,2,94
304,227,97,15.7,99,80,100,87,3,2
305,189,83,26.5,84,83,89,91,6,10
306,126,83,31.4,84,83,89,91,3,67
307,80.55,94,13.6,94,60,89,54,26.19,92
308,211,86,14.3,95,73,100,84,8.6,41
309,220.4,85,15.6,95,58,100,75,5.8,39
310,305,86,21.7,95,73,100,84,1,4
311,1235,88,3.6,96,42,89,62,10.17,10
312,238,87,3.8,96,80,89,65,1.17,64
313,195,89,0.8,96,73,100,84,6.4,42
314,115,98,17.9,100,73,100,83,2,9
315,447.2,90,4.2,91,73,78,84,16.2,2
316,367.4,85,4.4,95,73,100,84,6,35
317,786.5,67,4.8,67,50,89,66,133,7
318,289,86,0.4,87,80,100,87,1,2
319,220.2,93,14.2,98,73,100,84,9,34
320,127.75,94,4.1,98,73,100,84,1.25,91
321,231,83,19.6,84,83,89,91,8,35
322,620.25,91,8.5,97,78,78,89,13.75,8
323,158.25,93,13.9,98,73,78,84,19.87,95
324,445.43,96,8.8,99,80,78,83,6.14,91
325,1255.12,97,2.2,97,60,78,74,523.88,10
326,541,100,21.6,100,83,89,91,16,60
327,266.33,85,1.1,95,67,78,85,11.44,7
328,151,83,24,84,78,89,89,15,64
329,115.4,97,10.1,99,67,78,77,59.36,59
330,1832.67,89,3.3,96,67,100,77,4,10
331,295.67,73,4,74,73,89,80,152.17,95
332,345,72,10.3,72,83,89,93,2,12
333,222.6,85,1,95,58,100,75,8.4,33
334,135.27,81,1.5,81,60,67,79,2.87,11
335,157.5,86,16.4,86,73,89,84,1.5,32
336,446.23,90,6.2,97,60,78,79,1.08,93
337,275,88,4,96,50,78,66,20,8
338,170.67,96,2.6,99,73,89,84,34,90
339,328.5,46,4.1,47,73,78,84,14,11
340,407,78,4.2,79,73,78,80,48.25,24
341,308,93,12.9,98,78,78,89,1,11
342,281.91,86,4.4,86,53,89,66,86.61,8
343,368,90,12.2,97,60,78,74,14.2,10
344,412.25,89,6.1,89,73,89,62,195.75,97
345,399.6,52,1.5,53,67,89,72,227.8,82
346,275,83,23.6,84,83,89,91,4,5
347,117,86,20,86,73,89,84,2.5,2
348,98.25,90,1.7,96,73,100,80,2.25,36
349,349,91,21.3,97,58,100,75,1,9
350,486.4,81,2.2,81,60,67,79,4,6
351,213,100,1.3,100,58,100,75,8.6,38
352,130,89,24.5,96,67,100,82,1,95
353,208.6,88,14.2,96,73,100,84,7.6,31
354,123.92,66,3.6,66,73,89,80,3.75,9
355,517.67,63,6.3,63,67,78,82,9.34,11
356,654.41,87,3.7,95,53,89,50,2.2,16
357,210.5,72,8.3,72,80,100,78,6.5,96
358,82,90,18.9,97,73,89,62,1,2
359,238.5,73,7.4,74,73,89,80,72.83,8
360,322,91,19.6,97,73,100,80,109,10
361,103.25,93,20,98,73,78,84,1,86
362,238.04,48,7.1,49,67,89,77,61.93,40
363,177,83,17.2,84,73,89,84,18,8
364,260,83,15.5,84,73,89,84,10,11
365,182,83,20.4,84,83,89,91,6,5
366,175.6,51,6.4,51,80,100,87,12.4,63
367,233,89,1.6,96,73,100,84,8.8,31
368,50.75,56,8.6,56,80,89,83,6,33
369,152,96,24.2,99,73,78,80,12,5
370,325.25,56,8.1,56,67,78,85,56.5,7
371,1425.75,78,3.9,79,73,78,84,28.75,4
372,203.8,93,1.9,98,73,100,84,9.4,37
373,149.5,94,13.3,98,73,100,80,4,9
374,4637.61,30,0.5,30,67,67,82,4140.35,8
375,440.75,89,1.3,96,73,78,84,13,11
376,994,99,4.6,100,73,100,84,634.5,8
377,155,83,21.3,84,80,78,87,5,10
378,137.71,79,2.4,80,67,78,82,9.21,56
379,434.83,66,3,66,80,89,83,62.58,3
380,374.2,93,1,98,67,100,82,60.6,3
381,1342,94,10,98,73,78,84,83,2
382,151.22,93,13.6,93,73,78,62,1.44,11
383,246.6,92,3,97,73,100,84,43.4,5
384,130,94,15.5,98,73,78,80,1.2,91
385,324,83,16,84,83,89,93,7,8
386,186,86,11.3,86,60,89,69,6.5,5
387,2909.47,94,1.3,98,67,100,82,34.68,7
388,331,91,23.2,97,73,100,80,22,3
389,375,93,11.2,98,73,100,84,9.8,42
390,485.6,94,9.6,98,73,100,84,7.6,37
391,173,83,11.5,84,73,89,75,20,5
392,733.08,30,4.4,30,73,78,84,1.33,7
393,221,18,4.3,18,60,78,79,11.35,2
394,97.33,88,1.7,96,73,78,80,1.33,59
395,178.5,72,13.2,72,67,89,85,8,5
396,315.5,86,13.6,86,80,89,87,2,10
397,278.75,86,9.2,95,83,89,91,1.75,1
398,288.8,51,5.9,51,83,89,91,3.8,58
399,99,60,0.8,60,53,89,66,3.75,5
400,359.15,51,5,52,60,89,74,3.93,67
401,1189.5,72,7.2,72,78,89,89,2,5
402,427.2,96,4.2,99,73,78,80,116.8,7
403,213.82,59,8.3,59,67,67,77,68.89,87
404,524,94,22.5,98,67,89,85,22,65
405,149,96,33.9,99,58,100,75,43,12
406,102,86,17.3,86,80,89,87,59.5,92
407,147.75,78,13.7,78,73,89,84,2.25,9
408,49.53,53,15,54,60,89,69,0.82,32
409,498.67,90,6.3,96,73,78,84,9.34,10
410,251.6,92,0.9,97,67,100,82,41.6,2
411,386.71,45,6,46,67,89,77,29.26,40
412,198,97,1,99,73,100,84,8,31
413,184.5,90,9.4,97,60,78,69,33.62,88
414,76,98,23.4,99,50,89,77,2,5
415,3698.04,60,1.1,61,67,89,77,76.79,7
416,216,93,7.5,98,73,100,80,1.5,9
417,198.8,100,1.4,100,73,100,84,6.8,32
418,306,90,5.5,97,73,100,80,14.5,64
419,2938.5,72,2.9,72,73,78,84,344.5,38
420,1783.25,93,1.9,93,53,67,50,14.25,7
421,111,72,15,72,83,89,91,6.5,8
422,1019.75,99,4.5,97,73,100,84,868.25,32
423,555,83,5.6,84,73,89,84,111,4
424,150.5,92,16.2,97,73,78,80,1,12
425,353.75,66,3.5,66,80,89,83,67.25,3
426,75.22,93,18.2,98,67,78,72,21.55,25
427,96.67,92,3.9,97,58,100,75,13.67,87
428,477,94,14.2,98,73,78,84,2,4
429,42.5,72,14.1,72,73,78,84,3.5,6
430,115,86,8.8,86,73,78,84,61.5,34
431,70.86,42,7.6,43,78,89,89,3.43,6
432,317,93,12.1,98,73,100,84,10.6,36
433,140,95,16.4,98,73,78,84,34,38
434,223.33,97,2.2,99,73,89,87,67,4
435,121.33,90,10,97,73,78,84,8.33,5
436,126,97,31.5,99,58,100,75,14,62
437,1238.17,47,3.4,47,72,78,86,43.45,64
438,105.92,9,9.3,10,67,89,77,54.08,11
439,349.07,95,9.1,96,67,100,77,5.4,63
440,178.4,87,9.7,96,73,89,62,65.8,10
441,207,25,8.8,26,67,89,72,91.93,35
442,300,88,28,96,73,100,80,14,8
443,157,90,22.9,96,73,100,80,1,10
444,321.5,56,3.7,57,67,78,85,14.25,1
445,200,87,1.2,96,58,100,75,8.6,32
446,162,98,13,100,73,89,75,1,3
447,66,83,33.4,84,78,89,89,2,5
448,122,99,34.3,100,73,78,84,8,12
449,90,85,31.1,95,60,89,79,1,89
450,169.75,69,8.1,70,60,78,74,11.75,34
451,314.62,96,5.9,99,83,78,91,70.24,1
452,211.25,89,10.9,89,67,78,72,152.75,9
453,83,91,19,97,80,100,83,1,41
454,286,93,9.4,98,73,78,84,16,87
455,121.46,61,13.9,62,67,89,77,9.15,5
456,195,83,34.7,84,80,78,83,107,6
457,234.83,73,3.5,74,73,78,88,115.5,3
458,3150,98,2.9,100,73,78,84,31,93
459,175.67,73,5.5,74,73,89,84,56.5,2
460,345,98,24.4,100,89,100,93,21,40
461,189.57,43,3,44,73,89,75,6,1
462,99,99,31.1,100,73,100,84,2,2
463,186,83,25,84,83,89,91,4,4
464,133.17,94,13.9,95,73,100,80,6.59,62
465,152,96,4.9,99,60,100,79,51,73
466,538,97,15.8,99,58,89,75,9,6
467,199.4,99,2.2,100,73,100,84,7.6,38
468,293.8,93,12.9,98,73,100,84,8,38
469,413.5,98,11.4,100,80,89,78,4.5,36
470,314.15,100,6.7,100,60,100,79,18.05,8
471,104.75,89,19.4,96,73,78,80,1.5,96
472,225.2,100,14,100,73,100,84,10.4,35
473,444,83,13.2,84,73,89,84,24,63
474,249.08,12,8.7,12,53,78,71,7.23,64
475,261.09,85,5.4,86,53,89,66,69.13,1
476,2779.5,28,1.5,28,60,89,69,1.38,11
477,275.5,71,7.2,72,78,89,89,124.5,2
478,3007.25,79,2.3,79,73,67,84,105.75,4
479,146.5,72,14.2,72,83,89,91,3.5,6
480,163,85,1.8,95,60,100,74,42.33,5
481,330,83,15.6,84,67,78,72,3,8
482,193,88,1.6,96,73,100,84,8.6,37
483,214.4,89,14.6,96,73,100,84,6.6,35
484,125,86,9.4,86,73,78,84,3,7
485,329.8,51,6,51,73,89,75,30.6,6
486,3166,72,3.7,72,83,89,91,1.5,57
487,216.6,94,1.8,98,73,100,84,7.8,32
488,115.4,96,18.7,99,80,78,87,1.4,93
489,338,72,10.5,72,73,100,84,156.5,5
490,831.36,64,2,65,80,67,87,95.36,7
491,92.5,78,11.9,78,73,89,84,4.5,38
492,118.1,45,2.4,46,67,78,72,3.35,65
493,199.17,56,7.3,56,67,78,77,55.5,6
494,158.9,61,3.5,61,67,78,72,41,8
495,386.4,100,3.6,100,73,100,84,4.8,40
496,167,72,15.4,72,78,89,89,7,9
497,398.17,66,2.8,66,80,89,83,70.75,5
498,273.6,88,13,96,73,100,84,7.4,32
499,190,98,3.7,99,89,78,93,17.75,6
500,1201,83,12,84,78,89,89,2,38
501,668.75,79,2.6,79,73,67,80,35.75,5
502,145.25,56,11.8,56,78,78,89,4.75,7
503,208.5,100,11.3,100,80,89,65,50.5,35
504,305.4,89,1.4,96,50,100,72,40,4
505,99,88,0.7,96,73,100,75,53,92
506,539.72,23,4,24,60,78,83,146.94,10
507,929,86,5.3,86,73,78,80,68,9
508,401.14,43,4.1,43,83,89,91,9.57,35
509,224,75,14.8,76,78,89,89,3.33,8
510,424.57,50,1.7,51,73,89,80,328.57,88
511,164.5,72,12.5,72,73,100,84,5.5,5
512,292,100,9.3,100,73,100,80,111,7
513,729,94,15.2,98,73,100,80,480,9
514,122.93,93,16,98,60,100,74,12.5,67
515,253,100,10.6,100,67,100,72,18,63
516,277.4,93,1,98,73,100,84,11.2,39
517,81,70,8.5,70,73,89,84,38.75,11
518,379.78,85,2.3,85,53,89,66,106.04,10
519,170.25,56,4.2,57,60,100,79,8.5,36
520,79,83,32,84,78,89,89,3,67
521,114.33,85,16.2,95,73,100,84,13,39
522,402.78,87,6.9,95,60,78,74,132.63,89
523,128.5,72,21.7,72,78,89,89,8.5,6
524,83,87,15.2,96,73,78,62,1,93
525,41,83,24,84,60,89,74,3,65
526,725.63,88,3.5,96,67,78,77,1.47,96
527,136.4,90,5.9,91,73,78,84,10.8,10
528,68.57,43,4.4,43,78,89,89,2.86,8
529,217.5,78,9.5,78,73,89,80,55.25,9
530,603.5,85,10.7,86,73,89,84,473.5,92
531,137.75,79,2.4,79,67,78,72,100,39
532,149,96,24.2,99,89,78,93,1.5,7
533,641.5,96,4.4,99,73,78,84,33.5,87
534,68,97,5.1,99,73,89,84,1,95
535,333,83,21.9,84,83,89,91,7,12
536,205,65,9.8,66,73,67,84,27.42,42
537,123.45,86,7.2,87,67,100,77,5.8,7
538,98.4,93,18.9,98,73,78,62,23.8,39
539,287,89,12,96,67,100,82,1,35
540,235,83,23.5,84,67,78,72,1,7
541,134,83,22.5,84,83,89,91,9,4
542,350.5,86,12,86,73,89,84,55.5,6
543,214,85,1.4,95,73,100,84,10.8,38
544,189.5,72,14.9,72,83,89,91,7.5,56
545,461,98,6.7,100,60,100,74,14.57,86
546,211,87,24.6,96,73,100,84,1,5
547,123,78,10.4,78,73,89,84,3.5,7
548,227.53,90,7.1,90,67,100,77,40.16,2
549,126.83,100,15.7,100,67,78,77,1,93
550,262.5,86,4.2,95,73,100,80,17.25,65
551,69,56,8,56,83,89,91,8.25,2
552,192,83,24,84,83,89,91,8,67
553,216.5,89,5.2,90,60,89,69,77,3
554,247.8,99,6.5,100,73,89,62,1.2,5
555,287.67,63,6.9,63,73,89,75,11.34,37
556,154.1,53,8.6,54,67,89,77,72.62,4
557,514.5,86,1.4,95,73,78,62,15,36
558,222,73,6.8,74,73,89,80,84.67,9
559,161,98,17.6,100,73,78,62,50.2,91
560,117,83,23.3,84,67,89,82,4,5
561,126.25,100,3.6,100,60,100,74,39.5,32
562,101,86,22.5,86,73,89,80,2.5,6
563,291,88,1.9,96,73,78,75,137,8
564,211,22,9.2,23,73,89,80,9.05,10
565,172.57,90,9.7,97,67,100,66,10.24,91
566,138.07,30,1.7,30,72,89,86,2,11
567,205.31,56,7.1,57,67,78,77,90.07,93
568,166.6,51,5.8,51,73,78,84,13.4,65
569,470.43,43,4.5,43,78,78,89,8.29,2
570,288.87,84,2.1,84,53,89,66,94.7,6
571,81,100,2,100,80,78,65,2,11
572,404.5,99,3.4,100,73,89,62,37,2
573,225,85,22.9,95,73,100,80,109,4
574,260.6,100,13.5,100,67,100,82,42.4,2
575,138,85,33,95,73,100,84,13,12
576,93.3,60,13.4,61,73,67,84,31.4,88
577,229,98,13.9,99,73,100,84,7.6,40
578,152.5,86,4.5,87,73,78,84,2,11
579,255.25,67,1.4,67,73,89,80,34.5,93
580,269,96,21.5,99,58,89,75,10,10
581,357.33,97,0.9,99,73,100,80,1.66,37
582,225.5,86,10.1,86,73,78,84,2,40
583,105.78,60,10.9,61,73,67,80,59.17,37
584,137,83,17.9,84,73,89,75,8,9
585,248,78,3.1,79,73,78,84,30.5,96
586,455.94,64,4.9,64,53,89,66,17.53,6
587,411.12,39,6.2,39,73,100,84,24.87,38
588,274,100,14,100,73,100,84,6.6,32
589,201.8,94,1.6,98,73,100,84,8,40
590,848.15,21,3.5,21,78,78,89,451.15,10
591,1164,88,13.4,96,83,78,91,11,8
592,427.65,86,1.4,86,53,89,66,120.48,3
593,3343,83,5.5,84,83,89,91,2,3
594,1099,95,10.6,99,73,78,84,28,90
595,319.83,84,1.1,84,53,89,66,108.96,6
596,489.2,67,5.1,68,73,78,80,117.2,90
597,79.12,70,5.3,70,73,89,84,2.87,7
598,254.4,97,1.6,99,73,100,84,7.6,39
599,409,87,18.1,96,73,78,84,1,10
600,202.4,89,1,96,73,100,84,9.2,33
601,287.4,91,1.3,97,50,100,72,36.6,3
602,86.86,100,19.7,100,73,78,80,1,88
603,291.25,92,3,97,60,67,74,16.25,5
604,137,83,21.6,84,73,89,84,7,62
605,1391.5,89,3.4,96,73,78,84,45.5,89
606,308.45,87,9.3,96,67,78,72,0.9,94
607,3157.61,23,1.3,23,78,89,89,60.11,5
608,312.97,93,6,98,67,78,58,25.7,35
609,273.85,87,1.8,95,60,78,72,0.93,66
610,314,63,5.4,63,73,89,75,11.67,34
611,142,97,20.8,99,73,100,84,2,41
612,123.83,99,16.9,100,73,78,62,19,91
613,191,100,1.4,100,73,100,84,8.4,33
614,89,83,40.4,84,78,89,89,3,3
615,110,83,24,84,73,89,84,3,5
616,179,79,2.8,79,73,89,80,29.75,7
617,210,97,25.2,97,73,100,84,16,1
618,436.6,90,1.3,91,73,100,84,90.2,37
619,730.2,86,3.4,95,73,89,84,47.8,37
620,166,86,25.7,95,73,89,62,100,89
621,1703,83,9,84,83,89,91,6,7
622,161,72,14,72,83,89,91,5,11
623,172,89,29.5,96,89,78,93,2,8
624,370.5,86,10.9,86,73,78,84,53,11
625,120.83,64,5.4,65,73,89,75,69.16,2
626,137.75,78,13.4,78,73,89,84,1.75,89
627,97,90,7.3,91,73,78,84,2.2,56
628,189,83,27.6,84,78,89,89,1,58
629,409.67,99,10.9,100,73,89,62,126.34,36
630,217.4,87,15.1,96,73,100,84,7.2,41
631,61.5,72,16.1,72,73,67,84,6,86
632,82.25,99,22.7,100,73,78,80,6.75,95
633,836.5,86,5.4,86,73,67,84,17,97
634,561.5,91,6.4,91,73,78,62,319,90
635,197.4,99,1.1,100,73,100,84,9.8,33
636,226,78,7.9,78,73,89,84,65.25,90
637,268.35,85,4.7,86,53,89,66,81.22,4
638,131.36,90,2.3,97,60,67,79,4,10
639,129,89,10.7,89,73,78,84,7.75,3
640,81,93,35.6,98,58,89,75,1,6
641,154,95,14.9,98,73,100,80,4,2
642,143.67,93,11.2,93,80,78,78,17,9
643,271.6,90,2.1,96,73,100,84,39.2,9
644,147.33,91,16.6,97,73,100,84,18.41,41
645,334,89,14.3,96,73,78,84,42,8
646,166,83,24.6,84,83,89,91,14,5
647,158,72,10.4,72,67,78,82,10.5,92
648,179.5,94,10.5,98,73,89,62,1.25,9
649,116,87,18.6,96,60,89,69,7.56,12
650,677,83,12.1,84,73,100,84,503,9
651,173,91,24.1,97,73,89,62,102,96
652,123.67,87,8.9,95,73,78,84,8.67,2
653,178,56,5.2,57,78,89,89,16.75,10
654,63.83,19,5.1,20,60,78,79,3.92,1
655,874.75,56,3.4,57,73,89,75,102,34
656,481,83,18.5,84,78,89,89,4,6
657,170,87,7.2,95,73,78,80,29.6,3
658,194,56,10.5,56,78,89,89,72,5
659,1376,99,8.2,95,83,89,91,856,63
660,300.48,85,2.9,86,53,89,66,90.57,9
661,153.5,93,12.7,98,73,100,80,4,12
662,255,87,1.2,95,67,100,82,41.6,12
663,130.25,79,2.4,79,73,78,84,93.75,94
664,60.18,93,13.1,98,67,100,77,8.93,9
665,142.17,46,6.2,47,73,89,84,10.34,5
666,137.81,63,2.5,64,73,89,84,11.12,92
667,208,92,1.1,97,73,100,84,9.2,39
668,110.78,85,13.2,95,73,78,80,1.78,96
669,1078.33,84,5.8,84,72,78,86,92.33,63
670,237,97,20.7,99,73,100,80,35,9
671,1939,99,6.9,100,73,78,84,1,42
672,287.93,100,6.9,100,67,78,77,17.73,88
673,407,85,19.1,95,58,89,75,32,11
674,464,67,2.2,67,80,89,83,38.42,8
675,445,89,12.1,96,83,89,91,1.5,10
676,484.5,78,5.9,79,67,89,72,43.5,1
677,3283,92,1.6,93,73,78,80,35.75,38
678,664,83,13.6,84,83,89,91,53,7
679,281.8,93,1.3,98,73,100,84,7.2,41
680,932,67,3.9,68,73,78,87,5.75,10
681,113.2,51,5.5,51,73,78,84,4,56
682,91.5,86,17.2,86,73,89,84,5,88
683,386.44,27,6,28,60,78,79,8.2,9
684,505,100,6.1,100,73,78,84,11.33,3
685,316.28,86,7.2,95,33,78,62,25.52,5
686,219,87,2.8,96,73,78,80,17,87
687,85.25,78,9.2,78,73,89,84,3.5,89
688,459,98,9.5,100,73,89,80,3,36
689,3625.06,64,1.3,65,73,78,80,3.94,3
690,214,86,17.8,86,80,89,87,2,5
691,169.4,90,6.4,91,73,78,84,28.2,5
692,210.4,90,4.3,96,73,100,84,8.4,8
693,166,83,28.1,84,83,89,91,6,62
694,148.06,52,7.8,53,67,89,77,88.18,94
695,182,92,15.7,97,67,78,72,54,11
696,126,94,1.9,98,60,100,74,37.67,8
697,175.5,96,4.7,99,60,100,74,58,26
698,254.6,98,1.7,99,67,100,82,43.2,5
699,237.8,99,14.3,100,73,100,84,9.6,32
700,621.2,85,8.3,95,73,78,80,10,38
701,130.75,95,21.7,98,73,78,80,8,10
702,163,96,16.2,99,73,78,84,12.25,86
703,112.83,98,4.1,100,73,100,84,45.16,33
704,103.67,97,4.7,99,73,100,75,2,96
705,312.5,21,3.1,22,42,100,72,25.9,89
706,223.5,72,11.9,72,73,89,75,8,65
707,126.25,91,12.2,97,73,89,75,10,12
708,95.38,62,13.7,62,73,78,80,55.88,88
709,118.75,86,12.8,95,67,78,77,0.87,41
710,294.6,94,13,98,73,100,84,8.4,32
711,280.61,85,4.8,86,53,89,66,85.7,4
712,107.33,63,15.1,63,73,100,84,4,2
713,82.67,93,1.8,98,67,78,77,1.67,34
714,229.6,88,11.9,96,73,100,84,10,37
715,355,66,2.7,67,80,89,83,68.75,9
716,151,92,12.2,97,73,100,80,4.5,11
717,268.2,93,1.2,98,67,100,82,44.8,7
718,296.06,55,6.5,56,67,78,72,64.28,96
719,215,90,1.6,96,73,100,84,9.2,32
720,278.08,59,6.1,59,60,78,62,3,27
721,320,91,23.3,97,73,89,62,237,6
722,126.22,92,14.1,97,73,78,62,19.44,88
723,275.87,85,3.8,86,53,89,66,94.61,8
724,259.8,88,13.4,96,67,100,82,45.2,5
725,1345.5,78,4,79,73,78,84,23.25,4
726,151,85,28.4,95,83,89,91,18,90
727,104,87,18.5,95,73,78,80,1,97
728,132.73,86,14.3,95,73,78,62,34.91,11
729,2141.67,88,3.7,96,73,100,84,1815.34,2
730,4651,65,0.9,65,73,100,80,273,2
731,227,92,15,97,73,100,84,6.6,34
732,350.33,91,7.5,91,73,78,80,51.83,1
733,191.11,87,9.6,95,67,78,77,30.85,89
734,79.65,61,13.3,61,67,100,77,2.75,3
735,174.17,88,13.7,96,73,78,84,18.84,5
736,1760.48,97,2.4,98,67,89,58,18.76,90
737,107,83,27.6,84,83,89,91,9,64
738,104,92,17.1,97,73,100,80,30.67,4
739,211.4,100,14.7,100,73,100,84,7.8,37
740,210.33,93,2.3,98,67,67,72,46.33,9
741,126.2,90,7.2,91,73,78,84,9.8,6
742,111,83,29,84,83,89,91,8,64
743,72.25,89,10.1,89,78,78,89,2.75,11
744,115,83,24.6,84,73,100,84,5,5
745,405,85,6.5,95,73,89,62,16.3,93
746,495,83,18,84,72,78,86,221,5
747,861.75,56,6.2,56,78,89,89,9.75,56
748,244,78,6.9,78,73,89,80,54.25,89
749,160.5,86,17.2,86,73,89,84,3,6
750,128.33,94,4.5,98,73,100,80,26.33,3
751,148.5,87,11.1,95,67,78,82,33.29,92
752,3347,83,5.6,84,83,89,91,2,3
753,3055,56,2.4,57,83,89,91,2.75,3
754,130.25,78,9.4,79,73,89,84,4,11
755,183.42,92,11,97,60,89,79,32.58,88
756,167,85,24.6,95,73,100,84,2,5
757,331,87,20.4,95,73,100,80,46,7
758,140.67,63,4.2,64,60,78,62,3,2
759,416.25,69,6,70,67,78,72,164.13,93
760,68.83,100,21.4,100,73,100,80,7.33,92
761,867.73,94,4,95,33,78,59,47.46,2
762,429.38,20,1,21,42,78,72,141,3
763,837.25,78,5.7,78,73,89,80,55,90
764,151.75,88,8.7,96,73,100,84,69,7
765,212.2,90,1.6,96,73,100,84,8.8,33
766,151.4,53,5.6,54,73,67,84,88.4,34
767,275.8,85,12.1,95,73,100,84,8.8,40
768,155,100,28.1,100,67,89,72,8,59
769,258,92,3.2,97,73,100,84,32.4,5
770,416.33,46,5.1,46,83,89,91,6.33,7
771,206.25,87,6.1,95,60,89,69,96.25,9
772,197,89,28.6,96,60,89,69,16,11
773,168.5,88,5,96,60,89,69,1,38
774,281.39,61,6.1,61,67,78,72,59.06,88
775,302.4,91,12.5,97,73,100,84,8.4,39
776,123.7,93,15.9,98,67,100,82,0.7,96
777,66,83,36.1,84,78,89,89,3,11
778,111,56,13.8,56,83,89,91,6,2
779,947,63,6,63,73,89,75,89,34
780,145.36,33,3.2,34,67,78,72,2.65,7
781,443.56,94,6.6,98,60,89,72,232.46,7
782,173,89,5.1,90,73,89,62,102,40
783,186,93,10.5,94,73,78,80,56,12
784,2457.5,96,2,99,73,78,84,1.5,5
785,994.26,30,2.8,30,67,78,82,88.47,6
786,349.8,92,1.4,97,67,100,82,39.4,6
787,103,94,36.6,98,80,100,87,1,8
788,142,96,29.3,99,73,100,84,17,60
789,211.57,89,4,96,83,78,91,15.93,7
790,214.8,91,15.4,97,73,89,62,11,2
791,243,93,13.7,98,58,100,75,9,35
792,635.42,32,0.3,33,33,78,59,370.75,3
793,1428,99,7.9,98,73,100,84,1274,11
794,113.75,8,9.2,9,67,78,72,3.85,6
795,141,90,1.9,96,67,78,72,25,3
796,196.83,75,1.1,75,73,78,84,36.16,96
797,317.59,91,7.7,92,67,100,72,46.24,5
798,153.79,86,10.1,95,67,100,82,31.79,57
799,439,86,16.5,95,58,100,80,2,5
800,110.67,98,1.6,99,73,89,80,45.89,37
801,317,95,23.8,98,73,100,80,22,7
802,843.5,97,5.7,99,58,89,69,98.5,9
803,134.5,72,15.9,72,78,89,89,11,11
804,244.25,70,9.3,70,73,67,84,30.13,8
805,292.21,56,6.5,57,67,89,77,54.42,95
806,150.4,20,6.5,21,60,89,69,6.8,5
807,256.39,85,5.1,86,53,89,66,77.13,10
808,280.36,94,8.2,94,73,78,62,109,36
809,309,96,23.5,99,73,100,80,22,10
810,156,98,12.5,99,73,100,80,1.5,37
811,348.1,67,2.3,68,73,89,80,74.4,94
812,369.83,66,2.9,67,80,89,83,76.5,11
813,573.81,11,3.5,12,67,78,72,36.72,11
814,218.75,68,2,68,60,89,69,80.75,2
815,1558.07,97,2.6,98,67,89,58,13.14,93
816,168.25,56,5.7,57,67,78,72,20.25,10
817,534.5,72,10.7,72,73,89,75,3.5,9
818,77,50,9.2,51,78,89,89,3.2,66
819,128.6,89,1.8,96,60,100,69,34.4,34
820,144.75,56,10.7,56,73,89,75,4.5,1
821,392.5,46,5.6,47,73,89,75,1.5,34
822,274.8,92,1.6,97,67,100,82,44.8,5
823,101,93,17.9,98,73,78,80,0.83,93
824,324.5,72,14.6,72,78,89,89,124.5,1
825,157.2,53,1.5,53,50,78,66,4.2,93
826,113.33,91,5.7,97,73,100,84,45.66,3
827,131.15,90,14,97,60,100,79,1.23,91
828,221.75,78,9.2,78,73,67,84,82.75,42
829,268.57,85,4.7,86,53,89,66,86.53,7
830,171.6,93,6.6,98,73,89,62,1.8,9
831,136.67,63,6.1,64,78,78,89,3,11
832,57,98,34.6,100,73,100,84,1,95
833,108,92,25.1,97,73,67,84,2,1
834,208.4,94,1.1,98,73,100,84,9.2,37
835,123.64,93,14.6,98,67,100,82,1.19,87
836,1387.5,78,3.5,79,73,78,84,31,4
837,335.89,36,7.1,37,73,78,83,4.78,11
838,83.42,66,1.6,66,73,67,84,3.67,87
839,337.6,99,2.2,100,58,100,75,39.8,9
840,201.48,53,6.7,54,67,67,82,98.35,38
841,210.79,89,11.5,96,67,100,77,5.61,10
842,512.88,99,6.8,100,67,100,77,17.88,60
843,341.39,82,0.9,82,53,89,66,122.26,7
844,205.5,73,1.9,73,60,78,74,27,33
845,243,63,8.3,63,73,89,75,13.33,35
846,247.05,89,6.6,89,67,100,77,55.1,11
847,843.33,88,3.9,88,67,78,77,467,96
848,143,83,15.9,84,73,78,84,23,57
849,140,89,7,96,73,78,84,9.67,5
850,201.6,91,1.5,97,73,100,84,7.8,36
851,214,100,26.7,100,73,78,88,2,1
852,50.07,27,11.2,27,67,78,82,5.93,89
853,2204.38,66,0.7,66,73,78,84,2050.13,36
854,1462,83,9.9,84,83,89,91,3,8
855,123,99,9.8,100,73,100,84,2.33,86
856,220.8,85,0.8,95,73,100,84,10.8,35
857,404.2,87,1.2,95,67,100,82,45,8
858,262.6,89,13.3,96,67,100,82,44,6
859,209.4,98,1.4,100,73,100,84,10,41
860,2297.64,98,1.6,98,73,67,84,712.55,9
861,111,87,27.4,95,58,89,80,2,11
862,303.2,51,5.6,51,83,89,91,6.6,37
863,1326.5,86,6.8,86,73,78,84,41,32
864,348,100,2.4,100,67,78,72,16.8,5
865,275,72,11.8,72,83,89,91,9,11
866,179.5,72,4.1,73,60,100,74,7.5,33
867,782,84,1.5,85,73,78,87,3,10
868,104,90,3.4,96,80,78,87,39,87
869,481.9,94,2.1,94,67,67,84,6.7,89
870,103,85,16.1,95,73,78,80,0.89,91
871,799,99,14.4,95,58,89,80,723,3
872,319.3,85,0.4,85,53,89,66,128.13,9
873,144.31,56,7.4,57,60,67,74,105.5,56
874,281,90,10.2,97,67,78,77,0.82,81
875,703.25,92,3.6,97,73,100,80,265.25,9
876,327.86,94,6.3,98,67,100,77,4.22,91
877,104.6,51,6.7,51,83,89,91,24.2,9
878,119,95,31.3,98,73,100,84,18,11
879,278.87,86,4.9,86,53,89,66,84,4
880,2835.56,97,2,99,73,78,62,13.45,89
881,114,83,24.1,84,73,89,84,4,7
882,331.43,85,1.1,86,53,89,66,93.52,10
883,212.5,100,13,100,78,78,91,6,6
884,396,72,6.7,72,67,89,72,10,93
885,139.5,85,23.2,95,83,89,91,19,40
886,1479.78,65,2.8,65,73,89,80,44,87
887,227,91,14.2,97,58,100,75,10.6,34
888,75.13,20,4.4,20,60,78,79,5.17,12
889,575.5,86,6.4,95,67,100,82,1,88
890,1316.75,88,3.8,96,80,100,87,308,7
891,1383.33,91,3.2,91,73,78,84,41.83,10
892,144.75,98,2.1,100,73,78,84,2.25,9
893,872,83,15.4,84,78,89,89,14,66
894,136.33,46,8.6,46,73,89,84,4.33,57
895,571,83,8.4,84,67,89,72,4,12
896,201.12,44,0.9,44,67,89,72,112.87,65
897,462,99,12.7,100,73,78,80,11,90
898,189,100,15.4,100,73,100,84,21.5,94
899,670,93,13.2,98,80,100,89,16,10
900,1410,83,10.6,84,83,89,91,5,11
901,175,86,9.4,86,73,78,84,3,8
902,620.5,96,8.7,99,73,100,80,398,10
903,143.6,98,16.7,100,73,78,62,34.4,96
904,748,100,17.3,100,80,89,65,29,4
905,1321.5,78,4.1,78,73,78,84,27.25,6
906,109,90,24.1,97,73,67,84,2,10
907,218.8,89,1.4,96,73,100,84,9.2,36
908,421,63,6.7,63,67,78,85,57,11
909,40,72,14,72,73,78,84,2,8
910,319.25,89,2.6,96,73,100,80,99.5,10
911,1648.5,74,3.8,74,83,89,91,265.5,57
912,338.87,86,2.5,86,53,89,66,97.09,8
913,648,92,0.6,97,73,78,84,3,34
914,90.12,69,6.5,70,73,89,84,21.37,12
915,560.62,100,2.2,100,78,89,89,41.85,90
916,136,89,20.3,96,60,89,69,51,7
917,192,98,1.3,100,73,100,84,14,40
918,602,90,18.7,96,73,100,84,19,12
919,146.88,92,13.4,93,73,78,75,11.88,64
920,57.42,66,12.5,66,67,100,77,5.31,10
921,257,94,1.2,98,67,100,82,37.2,7
922,84,95,22.4,99,50,89,77,1,2
923,206,95,1.2,98,73,100,84,8.8,34
924,199,96,13.5,99,73,100,84,36,86
925,267,98,9.5,100,80,78,65,2,3
926,232,100,13,100,73,100,84,51.5,35
927,332,97,10.4,99,80,100,86,2.29,5
928,753,72,7.7,72,73,78,84,1.5,67
929,266.6,88,1.9,96,67,100,82,43.2,6
930,87.9,67,14.7,67,73,67,80,37.8,88
931,505,89,7.8,96,83,89,91,32.67,60
932,98.67,91,18.6,97,67,78,77,0.67,92
933,216.5,98,4,100,67,100,77,17.5,18
934,3356.5,91,1.5,97,60,78,79,19.07,91
935,622.33,75,6.3,76,53,89,66,7,62
936,108.5,86,16.5,86,80,89,87,2.5,89
937,119.67,94,11.8,98,73,78,80,2,6
938,262.4,96,3.2,99,73,100,84,48.6,5
939,78,92,36.9,97,73,100,84,1,89
940,736.5,86,9.2,86,73,78,84,2,6
941,310.74,86,3.6,86,53,89,66,93.78,2
942,292,86,3.8,87,53,89,66,90,10
943,1147.3,27,3.2,28,60,78,79,1.91,1
944,234.5,89,23.7,96,78,89,89,106,9
945,250.8,100,1.4,100,50,100,72,42.4,12
946,195.75,86,13.3,95,67,78,82,1.13,38
947,213,85,1.8,95,73,100,84,8.2,40
948,1226.67,63,1.9,64,83,89,91,869,41
949,268,88,10.9,88,67,78,72,11,2
950,62.05,72,10.2,73,67,100,77,6.05,8
951,82,83,38.7,84,80,89,57,2,3
952,352.5,86,4.5,86,73,89,84,267.5,64
953,462.5,78,2.7,79,73,67,84,177.5,66
954,379.2,96,1.1,99,67,100,82,44.4,10
955,94.67,98,4.7,99,73,100,84,16.34,8
956,135,97,7.5,99,73,78,84,9,10
957,337,93,4.7,98,67,78,72,27,1
958,231.8,94,15.3,98,73,100,84,5.8,32
959,288.21,93,7.7,98,67,78,82,16,92
960,215,98,1.6,100,73,78,84,3,9
961,101.5,90,1.4,97,58,100,75,8.25,4
962,257.8,92,1.1,97,73,100,84,8.2,38
963,147,83,13.2,84,80,100,83,2,3
964,543,95,9.3,99,73,100,84,7.4,42
965,160,83,25.7,84,78,89,89,3,7
966,409,84,1,85,53,89,66,167,2
967,205,83,21.2,84,83,89,91,4,36
968,101,85,16.1,95,73,89,75,16,64
969,473.67,63,7.9,63,67,78,72,7.34,4
970,331.5,88,4.6,96,73,78,84,29.5,96
971,107.57,89,2.2,96,73,100,80,5.71,2
972,47.56,62,7.5,63,67,89,72,1.81,38
973,200.2,100,1.1,100,73,100,84,10.4,40
974,706,86,3.2,95,73,78,84,15.5,31
975,188.67,68,0.6,68,67,89,72,60,79
976,390,72,16.2,72,78,89,89,119,11
977,229.78,16,11.6,17,72,78,86,3.19,58
978,161,83,25.6,84,78,89,89,4,5
979,356.67,66,3,66,80,89,83,59.5,7
980,325.97,12,3.5,13,67,78,72,25.23,40
981,317.8,90,1.3,97,67,100,82,46.2,9
982,199.25,92,8.2,97,80,100,87,20,90
983,303,84,3.2,84,67,78,77,3,87
984,397,56,5.5,56,67,78,85,50,4
985,136.17,89,8.4,96,73,56,75,11.17,7
986,125,91,32.3,97,58,89,80,6,9
987,329,92,25.6,97,73,100,84,154,6
988,140.33,63,19.9,63,83,89,91,2,8
989,452.75,88,4.5,96,67,100,72,142.25,88
990,64,83,24.7,84,78,89,89,3,1
991,71.62,17,5.3,17,60,78,79,5.5,7
992,248.31,12,7.3,12,53,78,71,9.46,66
993,1936.33,76,2.3,76,73,78,88,1627.33,4
994,163,83,22.8,84,78,89,89,5,1
995,323,90,23.5,97,73,100,80,23,3
996,127.68,59,8.5,60,80,78,83,3.41,90
997,285.04,86,3.2,86,53,89,66,91.87,4
998,182.57,43,5.3,43,83,89,91,9.28,9
999,131.71,65,2.1,65,73,89,80,1.35,91
1000,165,89,13.6,96,80,78,87,2,63
1001,203.6,97,3.3,99,58,100,75,6.8,32
1002,371.35,87,1.4,88,53,89,66,126.61,9
1003,206.2,87,3.7,96,73,100,84,6.2,34
1004,135.33,86,10.1,95,73,78,84,8,6
1005,144.8,91,18.8,97,73,78,62,27.2,88
1006,116.5,56,7,57,73,100,80,1.75,60
1007,60.84,70,10.5,71,67,100,77,5.95,5
1008,291,99,1.1,100,58,100,75,9.8,39
1009,151,93,3.7,98,73,89,62,31.5,12
1010,303.43,85,1.8,86,53,89,66,116.73,4
1011,298,99,10.3,100,83,89,91,20,8
1012,1112.25,78,2.8,79,73,78,84,75.25,17
1013,252.4,95,1.8,98,58,100,75,7.6,34
1014,1306,73,1.2,74,73,89,75,259.5,12
1015,306,90,12.6,96,73,100,84,7,35
1016,102.64,83,13.3,84,78,89,89,48.36,3
1017,152.45,96,13.2,99,67,78,77,6.09,8
1018,165.2,91,1.4,91,73,100,80,11.6,62
1019,65.07,88,16.7,96,67,100,77,1.28,3
1020,222.08,59,7.6,59,73,78,80,60.37,27
1021,520.5,92,6.5,97,67,100,72,19.25,62
1022,138.06,100,11,100,60,78,69,2.06,83
1023,263.89,87,7,88,67,100,77,70.52,4
1024,167.5,55,6.3,56,67,89,72,26.67,10
1025,184.67,98,2.6,100,60,78,79,32,27
1026,98,94,0.7,98,73,78,80,3,96
1027,125.67,92,7.2,97,73,78,84,18,9
1028,79.25,99,20.8,100,73,78,80,25.5,92
1029,127.5,98,12.4,100,73,89,75,11,9
1030,53,97,11.6,99,73,78,84,2,38
1031,111.33,95,11,99,67,78,77,31.8,96
1032,615,97,1.4,99,80,78,65,54.5,33
1033,289.25,92,11.4,93,73,100,80,4.63,60
1034,172,98,6.1,99,73,78,84,1,37
1035,165,100,23.4,100,73,100,80,2,4
1036,338.82,85,0.4,85,53,89,66,140.68,3
1037,208.6,67,4,67,73,89,75,56.1,4
1038,374.67,63,6.3,63,73,89,62,15.67,91
1039,172.67,87,6.8,95,73,78,84,14,8
1040,324.44,31,4.9,32,60,78,83,123.94,11
1041,116.75,56,4.9,57,73,89,80,2,37
1042,423.7,67,4.8,67,80,67,87,36.4,10
1043,149,94,16.7,98,73,78,84,36,42
1044,312.67,63,8.6,63,83,89,91,40.34,12
1045,246.25,88,6.3,96,73,100,80,17,58
1046,120,97,11.9,99,73,78,84,57,41
1047,183,89,5.8,96,73,78,84,3,2
1048,205,71,13.1,72,83,89,91,11,4
1049,195.56,100,11.6,100,73,78,80,25.78,95
1050,262.37,34,5.9,35,67,89,72,35.48,9
1051,118,96,8,99,73,78,80,3,11
1052,212.2,95,1.6,98,73,100,84,12.8,32
1053,99,83,17.1,84,73,78,80,4,5
1054,328,85,12,95,58,100,75,9.6,33
1055,186.25,87,4.1,96,73,100,80,14.75,57
1056,171,86,16.5,95,73,100,80,2,8
1057,191,92,9.4,97,73,100,84,42.6,1
1058,142.5,94,6.8,98,73,78,84,12.5,3
1059,281.6,95,13.9,99,73,100,84,7,35
1060,1242.11,64,3.3,64,73,89,80,28.67,87
1061,89.6,88,18.7,96,67,78,58,32,4
1062,108.67,87,4.8,95,73,100,84,24.84,12
1063,507,89,2.2,96,73,100,84,42.8,5
1064,411.83,66,2.7,66,80,89,83,78.5,2
1065,172.5,72,14,72,83,89,91,7,11
1066,319.38,12,3.6,13,67,78,72,31.07,34
1067,69.33,91,1.7,97,80,78,87,2,66
1068,214,93,1.3,98,58,100,75,8.6,41
1069,55.75,78,10.4,78,73,89,84,3.5,87
1070,704,83,15.5,84,89,100,93,8,65
1071,129,13,8.9,14,33,78,59,8.39,95
1072,245.6,99,1.6,100,50,100,72,40.8,6
1073,599,92,3.6,97,67,89,72,9.67,10
1074,79,83,22.7,84,50,89,80,4,7
1075,2801.56,96,2,99,73,78,75,8.89,92
1076,506.85,21,6.3,21,60,78,74,6.2,59
1077,659.5,97,4.7,99,73,100,87,2,6
1078,1614.67,63,3.7,64,73,89,75,5,57
1079,465,83,9.1,84,83,89,93,63,10
1080,201.2,97,1.2,99,73,100,84,8.4,32
1081,222,90,10.2,97,73,100,84,23.67,12
1082,218.4,92,1.7,97,73,100,84,6.8,42
1083,164,71,11.2,72,83,89,91,24,58
1084,174.1,55,10.2,55,67,89,77,28.03,36
1085,256.2,98,1.4,100,73,100,84,39.6,10
1086,108.5,100,1.1,100,73,78,80,1.5,87
1087,280,79,2.3,79,80,78,87,2,89
1088,119,86,18.1,86,73,89,84,4.5,12
1089,97.04,94,11.9,98,67,78,77,39.12,58
1090,3582.8,99,2,99,80,78,83,31.6,95
1091,240.17,91,2.5,92,67,89,72,46.67,88
1092,168,26,7.7,26,53,100,66,16,33
1093,119.83,74,2.8,74,73,78,80,35.33,87
1094,306.2,95,9.8,99,73,78,80,21.2,90
1095,85.25,97,19.3,99,73,89,62,28.25,92
1096,332.11,31,4.5,31,60,78,83,118.67,9
1097,65,86,18,86,73,89,84,4.5,91
1098,189,83,22.2,84,73,100,84,7,8
1099,270.5,45,1.6,45,58,78,69,2.83,5
1100,4023.3,16,0.6,17,60,89,79,315.26,38
1101,3071.5,90,1.4,97,80,78,87,19.75,38
1102,113.5,72,17.2,72,50,78,77,2.5,5
1103,110,83,20.8,84,58,78,84,6,7
1104,161.69,87,12.4,95,60,100,74,14.77,94
1105,98.33,99,5.5,100,73,100,80,46.66,67
1106,378,83,17.8,84,83,89,91,15,59
1107,774.25,56,5.2,56,80,100,78,6.75,91
1108,207.8,86,1.6,95,58,100,75,9.2,35
1109,64.75,86,7.8,86,67,100,77,7.95,11
1110,108.67,88,5.2,88,73,89,75,19.67,9
1111,161.54,90,9.6,96,67,89,58,29.54,89
1112,474,89,11.5,96,58,89,69,196,8
1113,385.5,56,2.4,57,50,78,77,70.5,10
1114,108,83,23.4,84,80,100,87,3,7
1115,108,83,28.2,84,83,89,91,8,64
1116,240.5,72,8.6,72,78,89,89,117,10
1117,410.75,78,8.4,79,73,89,84,3.75,9
1118,118.14,60,9,60,73,89,80,3.41,86
1119,154,83,23.5,84,83,89,91,5,9
1120,329.6,89,3,96,73,100,84,47.6,8
1121,64,83,24.8,84,78,89,89,4,11
1122,539.29,63,6.2,63,80,67,87,324.79,41
1123,208.22,61,7.6,62,73,78,80,81.83,3
1124,282.09,85,2.2,85,53,89,66,95.96,4
1125,470,94,12.4,98,73,78,84,1,5
1126,220.96,87,11.1,95,53,89,66,40.44,2
1127,146,90,6.7,97,73,78,84,12.67,2
1128,243,90,8.1,96,80,100,83,19.75,6
1129,3997,90,1.7,90,73,78,84,11.4,8
1130,181.12,95,11.3,99,53,100,71,37.41,89
1131,191,84,5.4,84,53,89,66,97,2
1132,126.5,14,6.3,14,60,78,69,65.09,8
1133,192.5,86,8.6,86,73,78,84,3.5,10
1134,295.6,100,1.1,100,67,100,82,45.2,5
1135,329.43,86,1.2,86,53,89,66,101.17,4
1136,133.21,55,8,56,60,67,79,10.42,88
1137,396.75,78,7.7,79,73,89,80,4,10
1138,185.33,63,9.7,63,80,100,87,107.66,12
1139,685.86,22,3.2,22,33,89,59,22.14,3
1140,266.74,85,4.4,86,53,89,66,82.44,10
1141,425,56,6.1,56,58,78,80,10,10
1142,156,86,23.3,95,80,100,87,2,95
1143,181,83,30.6,84,80,78,83,94,7
1144,292.2,90,12.3,97,73,100,84,12.4,39
1145,116.28,54,8.8,54,60,89,74,9.71,60
1146,274.78,85,3.6,86,53,89,66,88.74,3
1147,124.33,85,7.5,95,73,78,84,11,10
1148,161.5,34,2,35,67,67,82,21.64,12
1149,329.5,92,3.6,97,73,78,84,13,33
1150,162.14,93,13.1,98,73,78,80,23.28,94
1151,188.38,69,9.9,70,73,67,84,52.13,87
1152,457,83,15.3,84,83,89,91,2,10
1153,237.12,62,4.8,63,78,89,89,5.5,8
1154,261,83,19.4,84,83,89,91,9,31
1155,236.21,64,2.5,64,80,67,83,48.07,88
1156,42.64,64,6.1,64,67,89,72,1.78,39
1157,189.78,85,9.7,95,53,100,76,41.56,34
1158,251.5,78,8.5,78,73,78,84,161.75,36
1159,328.6,86,1.7,95,73,100,84,9.2,37
1160,112,83,37.7,84,73,78,75,1,3
1161,41,97,43.1,99,73,100,84,1,5
1162,164.8,99,5,100,73,100,84,4.2,87
1163,709.5,86,3.7,86,67,78,82,35.5,4
1164,130.08,95,13.1,99,67,78,82,21.16,91
1165,371.45,19,1.1,20,42,78,72,61.07,7
1166,187,65,10.1,66,67,89,66,71.5,9
1167,1567.09,73,0.2,74,53,89,66,396.54,3
1168,82,83,24.3,84,73,78,84,5,6
1169,285,85,4.2,95,73,78,84,96,38
1170,369.4,61,6.9,61,73,89,75,29.6,3
1171,112,83,27.3,84,73,100,84,5,5
1172,3768.33,63,1.4,63,83,50,91,1991,56
1173,120,83,19.3,84,73,89,84,14,58
1174,174,83,19.3,84,73,89,75,4,11
1175,152.1,67,3.8,68,73,89,84,3.3,32
1176,90,83,21.8,84,78,89,89,3,59
1177,413.62,99,8.9,100,80,89,83,2,7
1178,136.38,70,4.8,70,73,89,84,5.88,4
1179,140.92,94,12.6,95,73,89,62,43.17,11
1180,119,92,14,97,73,78,80,42.25,89
1181,169,96,12.2,96,50,89,66,9.83,11
1182,126,83,12.7,84,73,78,84,17,63
1183,267,63,3.4,64,60,89,69,15.33,10
1184,206,88,22.4,96,80,100,87,25,32
1185,71.21,71,10.7,71,67,100,77,6,8
1186,213,88,2.7,96,60,100,74,44,30
1187,243.91,85,7.1,86,53,89,66,57.91,1
1188,174,83,14.9,84,73,100,75,3,37
1189,105.5,56,9.4,56,83,89,91,33.25,2
1190,103.25,97,1.2,99,80,78,87,39,89
1191,213.17,99,1.2,100,60,100,79,44.34,56
1192,626.75,66,4.3,67,73,78,84,482.75,4
1193,356.75,56,7.5,56,83,89,91,8.75,36
1194,210.25,78,8.8,78,67,89,72,54.75,8
1195,186.56,96,8.8,99,60,78,69,34.56,90
1196,300.76,91,8.2,92,67,100,72,46.47,7
1197,144,83,25.3,84,83,89,91,4,10
1198,240.3,56,1.3,57,60,78,79,8.5,9
1199,1074.3,14,3.1,14,60,78,69,4.72,9
1200,110,83,27.6,84,83,89,91,10,67
1201,246,95,15.8,98,67,100,83,28.5,3
1202,56.2,97,22.5,99,67,78,72,7,78
1203,310.25,22,2.8,22,42,78,74,194.3,5
1204,175.5,90,7.6,97,80,100,83,39,11
1205,181.33,89,8.9,96,73,78,84,12.33,3
1206,4103.32,83,0.8,83,67,89,72,10.12,11
1207,108,93,30,98,73,67,84,2,8
1208,207.88,92,6.4,93,33,78,59,9.67,3
1209,140.8,90,5.6,91,60,89,69,13.4,62
1210,206.4,86,15.5,95,58,100,75,5.6,33
1211,65,83,26.4,84,78,89,89,4,5
1212,80.67,38,2.3,38,80,89,78,3.67,62
1213,872.12,89,5.6,96,73,78,80,5.74,87
1214,84,94,21.6,98,50,89,77,1,4
1215,289.6,94,1.1,98,58,100,75,6.8,36
1216,1146,34,1.7,35,67,78,82,1054.64,12
1217,215.6,89,1.5,96,73,100,84,11.8,38
1218,139.5,46,6.2,46,73,89,84,8,66
1219,205.8,90,1.3,97,58,100,75,8.4,32
1220,204,98,12.7,99,80,89,65,2,34
1221,261.33,95,10.1,98,80,89,65,100.66,90
1222,636.25,56,4.8,56,67,78,72,2,10
1223,2282.75,78,2.4,79,73,78,80,2.75,11
1224,346.39,85,2.6,86,53,89,66,110.48,2
1225,206.8,89,2.5,96,73,100,84,6.2,32
1226,217.8,88,1.5,96,73,100,84,9.4,35
1227,133.33,95,8,98,73,78,84,10,10
1228,378.29,96,9.6,99,80,78,83,8.58,91
1229,299,90,14.9,96,73,100,80,109.5,9
1230,440.06,91,7,97,60,89,69,182.3,4
1231,186,93,5.5,98,73,78,80,1.33,91
1232,221.2,92,14.2,97,73,100,84,9.2,38
1233,148.69,95,14.4,95,67,100,77,5.92,64
1234,220.8,93,1.7,98,73,100,84,8,41
1235,357.35,92,7.3,97,60,78,74,2.1,91
1236,120,99,7.4,100,73,78,84,10.33,8
1237,532.4,51,4.9,51,67,78,82,11,2
1238,49,72,21.6,72,78,89,89,2.5,3
1239,523.75,94,6.9,95,73,100,80,64.5,94
1240,235.2,94,1.2,98,58,100,75,8,41
1241,105.5,86,17.9,86,73,89,80,3.5,11
1242,308.88,18,6,19,60,100,74,4.13,2
1243,338.2,99,5.6,100,73,100,80,46,4
1244,2511,98,6,100,73,78,84,29,42
1245,188,83,20.9,84,83,89,91,3,3
1246,163.67,99,2,100,60,100,74,50.67,7
1247,91,85,28,95,60,89,79,1,90
1248,119.5,71,15.8,72,73,89,84,61,2
1249,236.2,96,3.6,99,73,100,84,45.2,5
1250,4758,98,2.4,100,73,89,62,48,34
1251,124.67,100,6.9,100,73,78,84,11,6
1252,413.09,8,5.4,9,60,89,69,10.11,36
1253,117.5,88,1.4,96,73,78,84,1,86
1254,281,83,19.4,84,80,100,72,4,58
1255,145.62,92,2.4,97,73,100,80,41,87
1256,298.61,86,1.3,87,53,89,66,89.83,11
1257,357.8,87,1.2,95,73,100,84,7,40
1258,57,85,5,95,73,100,80,1,96
1259,215.6,87,1.6,95,73,100,84,10.8,32
1260,355.5,86,2,95,67,78,77,26,4
1261,166.5,87,16.7,96,67,89,82,59.5,12
1262,82,83,35.9,84,73,78,75,2,3
1263,356,84,4.7,84,73,89,75,72,2
1264,266,83,19.2,84,83,89,91,8,10
1265,157.5,94,3,98,67,78,72,1,42
1266,331,85,25,95,73,100,80,19,3
1267,247.38,28,5.9,29,42,78,74,6,9
1268,138,86,15.4,95,73,100,84,15,41
1269,250.4,88,1.7,96,67,100,82,43.4,10
1270,1015,83,1.3,84,73,89,75,4,7
1271,459.14,99,7.2,97,67,78,72,10.85,92
1272,225.5,73,4,74,73,67,84,103.83,41
1273,220.6,88,15,96,58,100,75,6.2,38
1274,326.25,95,8.5,98,73,78,80,10.5,3
1275,295.89,61,6.3,61,73,89,80,102.17,11
1276,353.26,85,2.5,86,53,89,66,113.91,4
1277,193.67,99,12.3,100,73,100,80,1.23,32
1278,538,98,14.5,99,73,78,84,55,4
1279,120,97,4.9,99,80,100,87,1.67,97
1280,251.5,88,4.2,96,60,78,69,141,3
1281,317,72,18.4,72,78,89,89,120,7
1282,184.4,94,2,98,73,100,84,7.6,34
1283,248.81,28,8.4,30,42,78,74,4.81,9
1284,371.17,74,2.7,74,73,78,84,111.84,89
1285,363,63,8.4,63,67,89,72,43.67,6
1286,412.5,72,5.9,72,73,100,84,5,8
1287,147.33,99,13,100,73,100,84,1,57
1288,206,83,18.1,84,83,89,91,25,9
1289,382.6,87,3.5,95,73,100,84,4.8,41
1290,231.39,86,10.4,95,73,100,80,1.33,90
1291,217.6,94,14.1,98,73,100,84,10.6,34
1292,159.5,78,6.8,79,60,89,79,84.75,87
1293,46.05,89,20.7,96,67,100,77,4.48,8
1294,334,67,4.4,67,67,89,72,1.9,40
1295,66.5,72,13.7,72,80,89,87,5.5,59
1296,249,97,8.5,99,67,78,58,43.85,10
1297,305.75,70,5.7,70,73,89,84,2.13,7
1298,126,83,18.4,84,73,89,80,12,64
1299,173.67,63,12.7,63,80,100,87,3.34,11
1300,67,83,25.1,84,78,89,89,3,6
1301,228.2,86,14.8,95,73,100,84,8,35
1302,356.5,93,10.3,98,73,100,84,1,8
1303,158.8,98,20.1,100,67,100,82,1.2,95
1304,314,90,24.6,97,73,100,80,21,6
1305,223.83,92,10.8,97,53,89,66,39.74,6
1306,606.5,56,3.3,57,67,78,82,311.5,93
1307,121,90,4.1,91,73,78,84,30.2,58
1308,150,94,7.8,98,73,78,84,8.33,5
1309,939.7,98,2.4,99,73,78,80,481.1,11
1310,2482,94,5.6,98,73,78,84,2,10
1311,44.97,51,7.8,52,60,89,69,1.59,35
1312,190.07,95,9.8,98,33,78,59,21.83,11
1313,194.5,72,5.3,72,78,50,85,28,2
1314,207,99,29,100,80,100,87,2,95
1315,106,90,35.7,97,80,100,87,1,1
1316,79.35,96,19.1,99,67,89,58,24.59,87
1317,82.43,42,6.5,43,78,89,89,3.14,59
1318,1619.25,78,3.1,79,73,78,84,91.5,5
1319,138.5,46,10,46,73,89,75,5,39
1320,250.74,86,7,86,53,89,66,60.04,2
1321,1418.27,87,2.1,88,73,78,84,53.27,4
1322,93.5,86,9,86,73,78,84,3,36
1323,148.33,89,1.2,89,73,78,80,69,38
1324,4989.67,93,1.6,93,73,100,80,14,5
1325,211.75,88,6.9,96,73,100,80,34,7
1326,158.2,87,15.5,95,73,78,62,6.2,32
1327,78.82,88,17.1,96,73,78,62,33.09,4
1328,315.4,98,2,100,67,100,82,44.6,9
1329,150.5,42,0.1,42,73,89,80,0.88,1
1330,117.67,94,3,95,78,33,89,7.84,4
1331,358,95,27,98,50,89,66,119,6
1332,146.5,97,9.4,99,60,100,79,60.5,8
1333,81,98,2.8,100,80,100,83,2,33
1334,642.5,72,5.4,72,67,89,72,25,41
1335,1067.67,63,1.9,64,83,89,91,751.34,38
1336,850.92,88,3.9,88,67,78,77,476.42,90
1337,579.5,78,6,78,67,67,82,397.25,41
1338,109,96,15.1,99,60,89,79,1,2
1339,495,97,9.2,99,73,100,84,10,32
1340,307.3,17,3.8,17,42,89,62,20.23,4
1341,130.2,62,1.9,62,53,67,71,5.53,7
1342,765.5,99,4.4,96,80,89,83,560.5,5
1343,151.1,60,5.5,61,67,78,72,33.1,7
1344,100.56,99,14.1,100,73,78,80,1.23,91
1345,109.5,91,24.9,97,83,89,91,2,9
1346,53,83,21,84,60,89,69,4,6
1347,563.22,86,2.6,95,73,89,62,1.66,8
1348,77.43,42,5.5,43,78,89,89,3.29,63
1349,206,89,1.4,96,58,100,75,10,40
1350,132.5,90,2.3,97,73,78,62,18,86
1351,309,42,4.5,43,83,89,91,7.29,34
1352,42.5,72,13.5,72,73,78,84,2.5,11
1353,230.8,88,1.6,96,73,100,84,8.2,34
1354,220.8,90,14.6,97,58,100,75,8.4,35
1355,329,98,23.9,99,73,100,80,20,7
1356,233.4,91,1.4,97,58,100,75,7.2,32
1357,206.5,86,12.7,86,73,67,84,49.5,9
1358,108,86,17.7,86,73,89,84,3.5,8
1359,215.91,82,7.8,82,53,89,66,53.34,10
1360,320.67,93,10.6,98,73,89,62,136,37
1361,315,100,26.2,100,83,89,91,5,6
1362,117.58,66,4.2,66,73,89,80,2.5,9
1363,210.67,98,15.1,99,73,78,80,4.56,11
1364,400.5,56,5.6,56,80,89,87,8.5,57
1365,127,88,2.1,89,73,100,80,7.33,66
1366,275.57,85,4.2,86,53,89,66,81.96,7
1367,222.47,97,8.5,99,60,78,54,12.61,87
1368,40,72,19.8,72,73,78,84,3.5,5
1369,268,83,17.2,84,67,89,72,37,11
1370,176,90,13.8,97,67,78,77,2,8
1371,158,100,23.3,100,80,89,87,1,10
1372,289,85,10.4,95,73,78,80,2,88
1373,571.75,46,4.6,47,73,89,75,101,11
1374,485,63,7.8,63,67,78,72,4.67,12
1375,68,86,18.3,86,73,89,80,3,33
1376,86,98,20.7,100,50,89,77,3,5
1377,128.5,86,6.4,86,73,67,84,88,32
1378,83.31,99,17.8,100,67,100,77,9.69,8
1379,144,85,28.8,95,73,100,84,2,9
1380,124.33,94,7.1,98,73,78,84,10,10
1381,131.75,90,8.7,96,73,100,84,1.5,12
1382,212.67,88,11.8,88,67,78,72,9.34,9
1383,107,85,33.3,95,80,100,87,1,4
1384,337,83,19.7,84,60,89,69,9,10
1385,213.4,98,4,99,73,100,84,6,38
1386,413.33,100,12,100,78,78,89,27,7
1387,165,83,27,84,83,89,91,2,9
1388,225.8,97,3.4,99,73,100,84,45.4,6
1389,531,72,8.8,72,83,89,93,7,7
1390,57,91,27.3,97,83,89,93,14,8
1391,503.67,63,4.9,64,73,89,75,18,35
1392,896.67,63,4.8,63,83,89,91,505.67,40
1393,43,72,15.2,72,73,78,84,4.5,5
1394,251.8,94,1.9,98,67,100,82,37.8,1
1395,207.67,26,3.3,26,53,78,66,52.6,7
1396,315,83,15.2,84,83,89,91,36,38
1397,317.25,78,2.8,79,73,78,84,36.75,94
1398,109,93,29.9,98,83,89,91,3,4
1399,204,94,2,98,73,100,84,8.2,40
1400,217.5,86,11.7,86,73,89,84,99,91
1401,173,86,13.2,95,73,78,84,3,7
1402,102,91,9.2,97,67,78,82,1,9
1403,77.5,86,16.8,95,80,100,87,1,36
1404,311.8,91,1.8,97,67,100,82,44.6,11
1405,1936.5,93,3.4,98,73,78,84,39,93
1406,539,95,3.6,98,60,100,79,42,85
1407,328.67,21,3.7,21,60,78,79,10.43,6
1408,193.36,51,8,51,67,67,82,74.52,8
1409,247.5,93,16.8,98,73,78,80,13.5,95
1410,481.67,85,6.6,95,73,78,84,10.67,7
1411,1691.75,100,1,100,73,78,84,1.25,9
1412,276,88,13.5,96,73,100,84,6.4,36
1413,527.5,72,7.2,72,73,78,84,21,63
1414,278,94,12.5,98,73,100,84,8.6,35
1415,563,80,2.3,80,53,67,76,7,7
1416,336,88,2.3,89,73,78,62,236,91
1417,246.4,100,1.9,100,67,100,82,42.8,1
1418,390.2,91,11,97,58,100,75,8.6,41
1419,302.33,53,6,54,67,89,72,12.03,12
1420,114.58,95,13.3,99,67,89,82,32.45,92
1421,139,72,10.7,72,67,78,82,2,9
1422,124.67,89,2.1,96,73,78,62,39,6
1423,59,88,28.6,96,73,89,62,2,93
1424,79,84,7.1,84,60,89,69,15,10
1425,165,100,4.5,100,73,78,80,17.8,1
1426,216.54,87,9.9,95,67,78,82,33.69,86
1427,107.45,97,13.3,99,73,78,80,1.36,94
1428,4845.67,94,1.7,95,73,100,80,24.34,11
1429,315.85,90,9.9,97,72,89,86,1.65,4
1430,175.5,86,14,86,73,89,84,69,1
1431,3197.14,48,1.5,48,72,89,86,23.21,59
1432,127.5,78,8.4,78,73,89,80,6.5,65
1433,301,20,4,21,42,100,66,7.67,88
1434,178,86,20.2,86,73,89,84,2,3
1435,217.8,90,1.3,96,73,100,84,7.4,40
1436,541,91,20.3,97,73,100,84,360,35
1437,184.5,73,3.2,74,73,67,80,1.5,59
1438,374.25,56,5.4,57,60,78,79,45.75,8
1439,2098,86,5.1,86,80,67,90,55,65
1440,191.2,96,1.5,99,73,100,84,7.6,36
1441,246.25,70,3.8,70,67,89,77,6.75,95
1442,132.17,93,4.8,98,67,100,82,3.17,86
1443,200.4,97,2.3,99,73,100,84,6.2,33
1444,249,56,8.1,57,73,78,87,2.25,5
1445,139,83,20.9,84,67,89,72,3,10
1446,212.4,96,1.6,99,73,100,84,11.2,31
1447,237.75,98,2.3,100,72,33,86,9.33,9
1448,124,91,26.9,97,73,78,84,8,66
1449,303.8,93,13,98,73,100,84,6.4,36
1450,153.32,97,9.2,97,60,100,74,2.96,91
1451,310.09,85,2.4,86,53,89,66,107.52,8
1452,174.11,60,7.5,61,60,89,74,104.28,88
1453,115,86,8.7,86,73,78,84,2,5
1454,314,83,14.3,84,73,89,75,28,7
1455,178,98,34.4,99,83,100,91,8,9
1456,64.5,99,24.3,100,73,78,80,22,88
1457,267.4,91,1.5,97,67,100,82,51,3
1458,218.6,93,1.1,98,73,100,84,5.4,33
1459,344,95,23.2,98,73,100,80,18,5
1460,234,97,2.6,99,73,100,84,4.2,39
1461,148,72,8.3,72,73,78,84,17.5,62
1462,291.5,89,7.6,89,60,100,74,137.5,4
1463,104,99,1.1,100,73,78,80,1.33,59
1464,1668,63,3.9,64,67,78,82,239.33,6
1465,291.09,84,1.3,84,53,89,66,106.44,8
1466,538,97,10.2,99,73,78,84,2,88
1467,282.6,89,2.3,96,73,100,84,37.8,9
1468,197,88,3.7,96,60,100,79,63,61
1469,157,93,4.7,98,60,100,74,45.5,23
1470,123,99,7.5,100,80,89,83,2.5,7
1471,635.86,86,6.8,95,80,100,86,3.72,2
1472,180.36,85,10.8,95,73,100,75,13,4
1473,3163.2,93,2.3,98,73,78,62,40.2,6
1474,195.54,28,5.8,29,60,78,62,48.62,86
1475,279.74,85,4,85,53,89,66,67.44,7
1476,168.33,87,1.5,96,73,89,62,0.66,12
1477,73.5,87,23.8,95,73,89,62,18.75,95
1478,178.75,56,8.4,56,60,89,69,4,2
1479,1259.33,37,2.9,38,67,89,72,44.77,1
1480,256.2,92,13.7,97,58,100,75,9.6,41
1481,146,91,1.9,97,67,78,72,12.6,3
1482,71.16,99,21.9,100,78,89,89,16.44,11
1483,456.79,85,6.8,95,60,78,69,137.37,41
1484,358,83,16.8,84,83,89,93,5,8
1485,173.88,99,3,100,73,100,87,1.5,95
1486,421,86,9.7,86,73,78,84,2.5,87
1487,319.2,89,3.9,96,58,89,69,1.4,59
1488,328,89,7.1,96,67,78,77,32.5,12
1489,95,96,28.3,99,60,89,79,1,88
1490,963,95,11.1,98,58,100,57,6,5
1491,146.5,86,10.7,86,73,78,84,75,7
1492,298,83,26.5,84,83,89,91,3,4
1493,242.5,62,6.1,63,73,89,75,5.12,6
1494,180,87,12.1,95,73,78,80,55.25,8
1495,57,86,40.1,95,73,100,84,1,10
1496,103,93,34.2,98,67,100,85,2,7
1497,204.4,92,1.9,97,73,100,84,6.2,40
1498,1284,94,8.2,98,67,100,82,1236,5
1499,96.5,86,13.3,86,73,78,84,3,37
1500,194.59,95,9.4,96,53,89,66,5.33,9
1501,188.31,100,11.8,100,67,100,77,6.23,6
1502,346.5,86,16.9,86,73,89,84,270,93
1503,150.17,91,18.1,92,73,100,80,4.84,65
1504,629,92,2.1,97,50,78,66,15,1
1505,69.71,91,22.6,97,67,89,58,15.47,92
1506,996,83,14,84,83,89,91,59,64
1507,136,83,24.6,84,83,89,91,12,61
1508,372.7,91,4.4,97,73,78,87,2.1,64
1509,224.8,98,14.6,100,58,100,75,9.2,42
1510,2987,56,2.4,57,60,89,69,2092.5,11
1511,139,89,18.2,96,73,78,84,1,57
1512,213.2,98,0.9,100,58,100,75,7.2,41
1513,163,90,20.1,97,58,78,75,1,10
1514,304.8,89,13.5,96,73,100,84,6.6,42
1515,174.77,56,2.6,58,67,78,82,37.92,58
1516,209.6,92,16.2,97,73,100,84,5.8,35
1517,159.5,71,20.2,72,80,100,78,5.5,2
1518,323,83,23.9,84,83,89,91,9,67
1519,184.75,92,4.7,97,73,78,84,1.75,4
1520,109,99,30.7,100,67,100,82,1,40
1521,512,93,10.4,98,73,78,84,64,38
1522,252,100,20.6,100,58,100,75,1,4
1523,225.2,93,2.2,98,73,100,84,6.2,31
1524,117,85,24.5,95,73,100,80,30,11
1525,171.47,56,9.2,57,67,78,77,29.74,3
1526,238.09,71,6.4,71,53,89,66,73.74,5
1527,378.5,34,5.1,35,83,89,91,3.8,7
1528,123,91,7,91,67,78,66,7.83,4
1529,404,83,15,84,67,89,72,6,36
1530,327.13,13,5.1,13,67,78,72,24.98,37
1531,144,83,16.9,84,67,89,82,10,4
1532,285.14,63,7.9,64,73,78,80,16.35,92
1533,252,92,13.1,97,80,78,87,1,39
1534,277.78,86,3.2,86,53,89,66,68.87,7
1535,253.33,88,3.4,88,80,78,83,50.33,11
1536,113,92,28.4,97,80,89,87,6,8
1537,188.8,99,1,100,73,100,84,6.8,41
1538,330.5,65,7.8,66,73,67,84,13.33,3
1539,212.5,100,1.5,100,73,78,80,1,90
1540,143,99,16.6,100,73,78,84,42,94
1541,121.91,91,13.6,97,67,100,77,0.98,62
1542,246,86,8,86,73,78,80,74.5,91
1543,126.4,89,18.9,96,73,78,84,1.2,36
1544,254,84,1.9,85,73,89,75,7,3
1545,38,95,2.1,99,73,78,84,1.5,6
1546,107.83,73,8.5,73,83,50,91,2.5,63
1547,448,83,13.8,84,73,100,75,4,62
1548,171.68,38,8.7,39,78,50,89,13.36,9
1549,130.33,94,4.5,95,78,33,89,3.5,11
1550,303,83,26.9,84,83,89,91,1,2
1551,4098,97,4.7,98,80,100,87,1,65
1552,148,94,17.1,98,73,100,80,2.5,1
1553,438,93,8.6,98,67,78,77,0.73,88
1554,301.17,85,3.4,85,53,89,66,79.6,4
1555,258.5,78,10.7,78,73,89,84,2.25,5
1556,65,99,31.6,100,80,89,65,21,42
1557,65,67,5.6,68,73,89,84,23.7,5
1558,393.25,78,7.5,78,67,89,72,62.75,11
1559,280.6,91,0.9,97,67,100,82,39.4,12
1560,116.33,46,9.2,46,83,89,91,4.83,2
1561,37,71,21.3,72,73,78,84,3,4
1562,138.68,91,11.8,97,60,78,79,0.74,95
1563,114,86,11.3,95,73,78,84,6.33,1
1564,188.25,88,1.7,96,58,100,75,9.75,4
1565,42.7,67,7.6,68,67,89,72,2.3,41
1566,338.74,82,0.7,83,53,89,66,85.31,7
1567,4740.76,93,0.8,98,67,78,82,23.14,7
1568,125.5,86,21.3,86,73,89,84,2,59
1569,3439.83,66,1.6,67,73,89,75,157.5,6
1570,1918.4,51,3,52,83,89,91,31.8,7
1571,240.25,78,9.1,79,73,89,80,2.25,10
1572,84.25,90,16.3,97,67,78,72,42,35
1573,191,83,21,84,67,89,72,12,37
1574,405.14,91,7.9,97,73,78,80,2.71,94
1575,509.5,86,12.6,86,73,67,88,37,11
1576,298.2,98,0.9,99,67,100,82,59.4,7
1577,80.4,91,2.9,97,73,100,84,43.3,90
1578,221.8,99,15.6,100,58,100,75,5.4,40
1579,251.07,56,5.2,58,73,67,80,133.43,31
1580,632,72,13.1,72,78,89,89,122.5,3
1581,374,88,10.4,96,67,78,77,0.67,95
1582,374.6,51,4.3,51,73,78,84,24.2,6
1583,787.47,95,4.5,96,58,100,75,84.6,9
1584,298,88,27.4,96,73,100,80,14,11
1585,363,83,19.2,84,73,78,88,163,2
1586,82,83,41.2,84,67,89,77,2,10
1587,564.5,97,13.4,99,73,100,84,1,12
1588,472.8,96,10.2,99,58,100,75,6.4,36
1589,348.33,66,4.4,66,80,89,83,72.33,3
1590,750,83,7.4,84,73,100,87,3,5
1591,134,83,26.8,84,78,78,89,4,2
1592,121,87,22.6,95,67,100,83,9,4
1593,190,95,1.1,98,73,100,84,6,38
1594,300,94,27.2,98,73,100,80,14,9
1595,243.02,90,4.2,90,53,89,66,56.36,6
1596,376.64,100,7.3,100,67,100,82,3.28,83
1597,237.33,63,4.3,64,67,89,72,120,59
1598,303.65,85,3.4,85,53,89,66,86.35,7
1599,86.27,55,12,55,60,78,69,45.25,91
1600,226.6,95,15.5,98,73,100,84,6.6,42
1601,230.89,79,11,79,60,89,69,4.11,9
1602,129.33,95,15.9,98,73,100,84,1,32
1603,338,66,4.5,66,80,89,83,65.08,4
1604,290.22,85,2.9,86,53,89,66,82.7,11
1605,182,100,29.2,100,80,100,87,1,31
1606,67,86,41,95,73,100,84,5,3
1607,152.56,94,17.7,98,73,78,80,18,35
1608,842.33,93,7,98,73,100,84,109.66,77
1609,284.13,84,3.3,85,53,89,66,72.35,4
1610,80,99,36.3,100,80,100,87,13,3
1611,175,86,15.1,86,67,89,77,47.5,90
1612,106.77,12,13,12,60,89,69,8.92,92
1613,200,91,30,97,80,100,87,12,6
1614,151.6,50,7.9,51,58,78,75,4.6,86
1615,257.4,89,13.9,96,73,100,84,11.6,32
1616,186,78,11.4,78,67,89,72,37.5,3
1617,384.4,90,1.9,96,73,100,84,49.2,9
1618,227.62,8,6.9,8,67,89,72,5.01,11
1619,213,96,17.1,99,73,78,62,108,2
1620,240.4,88,1.9,96,73,100,84,5.2,35
1621,1036.2,87,3.8,95,33,78,59,11.48,8
1622,77,83,33.3,84,78,89,89,3,11
1623,117,88,11,96,73,78,84,7.33,2
1624,101,87,34.7,95,73,100,84,2,34
1625,206.4,94,2.4,98,58,100,75,7.6,42
1626,111.08,86,13.6,86,53,89,66,13.32,25
1627,226,85,9.3,95,60,100,69,67,9
1628,205.4,100,0.7,100,73,100,84,5.2,41
1629,48.35,10,14.9,10,67,78,82,2.92,4
1630,124.67,85,16.6,95,73,78,88,48.34,2
1631,113,100,11.3,100,73,78,84,6.67,8
1632,139.08,65,11.7,65,60,78,62,61.5,41
1633,74,32,2.3,33,80,78,78,2.42,62
1634,156,92,2.5,97,60,100,69,26,32
1635,181.43,91,2.4,97,73,100,80,11.14,42
1636,230.91,99,10.7,100,67,100,82,20.32,88
1637,83.33,98,2.1,100,80,78,87,1.33,66
1638,716,54,3.9,54,67,78,82,62.12,6
1639,379.6,89,11,96,73,100,84,6,38
1640,1122,51,3.3,51,73,78,84,1032.6,10
1641,42.15,56,10.4,56,60,89,69,1.32,37
1642,208.8,94,1.9,98,73,100,84,6.6,40
1643,114.67,93,10.8,98,73,78,84,6,6
1644,164.33,95,15.2,98,73,78,84,13.33,9
1645,135,83,29.7,84,80,100,72,2,57
1646,181.42,85,2.5,95,89,78,93,2.59,8
1647,323.5,56,10.5,56,83,89,91,14,2
1648,341.4,86,1.9,95,58,78,75,27.6,3
1649,216,93,9.5,98,58,89,69,18,10
1650,303.33,73,3.7,74,73,78,84,0.33,12
1651,118.33,91,11.1,97,73,78,84,7,3
1652,1034.43,32,3.1,33,60,78,79,931.07,5
1653,38,71,21.1,72,73,78,84,2,2
1654,435.33,21,4.2,22,33,89,59,10.77,8
1655,116,99,24.5,100,60,100,69,14.5,33
1656,157,90,11.3,97,60,100,74,61,1
1657,237.36,59,7.7,60,73,78,84,2.5,89
1658,305,83,26.9,84,83,89,91,1,12
1659,1030.67,63,6,64,73,89,75,4,58
1660,2175.17,47,2.3,48,73,100,84,1.84,5
1661,150,56,11,56,83,89,91,0.5,92
1662,280.8,91,2.4,97,58,100,75,42.2,9
1663,122,63,9.6,63,80,100,87,2.33,4
1664,1377.55,88,1.6,88,73,78,84,41.37,6
1665,373.08,66,2.3,67,80,89,83,50,1
1666,211.75,59,1.1,60,67,78,72,6,33
1667,274.78,85,3.5,85,53,89,66,69.26,8
1668,154,86,5.6,86,73,67,84,113,34
1669,145,83,8.9,84,73,89,75,11,7
1670,407,9,5,9,60,89,69,7.63,32
1671,156.29,93,0.8,98,60,100,74,52.29,4
1672,132.5,95,1.8,98,60,100,74,48,10
1673,193,94,5,98,60,100,79,60.5,1
1674,43.12,63,4.6,63,67,89,72,2.18,37
1675,198.83,76,0.7,76,73,78,80,30.33,39
1676,304.44,97,9.2,99,67,100,77,9,61
1677,162.8,51,4.3,51,58,78,75,6.8,93
1678,284.95,61,5.2,61,60,78,69,101.19,86
1679,333.5,68,3,68,73,89,84,2.9,40
1680,219,94,1.2,98,73,100,84,6.8,42
1681,184,93,6.3,98,73,100,84,0.5,3
1682,282,85,3.7,86,53,89,66,69.7,2
1683,415.93,95,7.3,95,67,100,77,10.29,60
1684,176,83,15,84,73,89,84,18,57
1685,175.5,86,12.4,95,73,100,80,3.5,4
1686,156.75,78,9,78,73,89,84,3.5,91
1687,195,94,9.5,94,73,78,62,60.64,8
1688,277.2,85,1.6,95,73,100,84,6.4,32
1689,189.5,94,3.8,98,73,89,62,1.5,5
1690,176.67,96,3.5,99,60,100,79,61.34,82
1691,143.67,100,1.8,100,60,100,74,48.67,9
1692,99.66,97,15.5,98,67,78,82,22.63,5
1693,429.81,26,2.6,26,78,78,89,236.93,7
1694,142,89,6.8,96,73,78,84,11,6
1695,299.83,85,2.2,86,53,89,66,100.74,9
1696,631,83,15,84,58,100,80,292,8
1697,284,91,3.7,97,73,78,80,28,95
1698,160.64,59,7.9,60,73,67,80,1.69,56
1699,332.5,71,11.8,72,83,89,91,4.5,39
1700,259.6,97,0.9,99,67,100,82,59.2,1
1701,158,99,25.3,100,60,89,69,26,11
1702,261.6,91,1.1,97,73,100,84,5.4,38
1703,315,100,1,100,67,100,82,39.6,6
1704,162.5,92,12.3,97,73,100,80,5,2
1705,142.56,60,7.9,61,73,67,80,86,93
1706,388.25,57,1.1,59,67,89,72,237.25,85
1707,223.67,63,5.1,63,73,89,75,20.67,40
1708,75.25,56,8,56,83,89,91,20.5,12
1709,241.2,100,1.1,100,73,100,84,6.6,33
1710,299.36,99,9.7,100,67,100,77,0.93,7
1711,300.54,40,4,40,60,78,54,23.93,9
1712,159.29,41,6.6,41,60,78,69,44.61,66
1713,144,89,1.9,96,80,67,83,38.33,8
1714,179.6,61,7.2,61,78,89,89,34.8,10
1715,155,52,2.2,52,42,78,74,25.8,1
1716,193,83,26.2,84,80,100,83,3,4
1717,220.6,96,1.3,99,73,100,84,6.2,39
1718,257.45,13,4.3,13,60,78,74,108.52,40
1719,71.54,18,4.3,18,60,78,79,8.54,9
1720,311.8,93,12.1,98,58,100,75,7.8,42
1721,221,87,1.2,95,73,100,84,6,42
1722,136.25,78,3.2,79,73,78,84,19.25,11
1723,536.25,56,7.1,56,83,89,91,3,2
1724,572,83,14.8,84,83,89,91,6,40
1725,191.83,73,3.6,74,73,89,84,2.66,62
1726,352.4,55,4.9,56,67,78,77,76.78,87
1727,138.5,100,2,100,73,78,84,2,95
1728,535,78,0.2,79,53,89,66,191.8,7
1729,242,71,11.9,72,73,89,75,5,6
1730,121,98,22.3,99,73,100,84,3,9
1731,169,83,21.9,84,83,89,91,37,6
1732,38,71,1.9,71,67,89,77,0.88,38
1733,130.52,16,3.5,17,42,100,69,16.52,88
1734,311.57,63,6.1,63,73,78,84,35.5,26
1735,98,85,1.3,95,73,78,80,1.5,92
1736,276.5,94,9.3,98,83,89,91,3,9
1737,144.88,57,7.7,58,67,78,82,13.19,61
1738,106,95,5.5,99,73,100,84,28,1
1739,185,71,13.6,72,67,89,72,5.5,3
1740,242.67,99,9.6,100,73,100,80,45,5
1741,420.33,100,3.3,100,73,100,80,131.66,8
1742,609.4,91,1.1,91,73,100,84,26,35
1743,257.8,85,1,95,58,100,75,5.8,31
1744,53,83,14.5,84,73,100,84,2,7
1745,97.4,51,3.3,52,42,78,62,2,9
1746,118.64,80,1.7,81,53,67,76,6.43,11
1747,266,97,10.3,99,73,100,84,51,93
1748,183.57,99,13,100,73,78,80,7.57,95
1749,163,90,3.3,97,67,78,72,25,1
1750,785,83,10.8,84,83,78,91,46,3
1751,170,91,28.6,97,80,100,87,1,3
1752,361,50,6.5,51,67,100,77,181.6,9
1753,192.47,26,3,27,53,78,66,35.74,12
1754,285.3,69,1.6,69,73,67,84,2.2,63
1755,307.2,93,12.7,98,73,100,84,11,41
1756,400.57,16,4.3,16,67,89,72,94.86,87
1757,429.5,100,4.2,100,73,100,80,37.75,59
1758,243,89,7,90,67,100,77,49.11,10
1759,1134.14,62,1.9,63,73,89,80,1.32,92
1760,448.67,65,1.1,66,73,100,80,127.34,64
1761,213,91,9.4,97,73,100,80,3.67,11
1762,2967,90,5.1,97,73,78,84,41,32
1763,192.25,89,11,89,78,78,89,1,65
1764,392.5,91,6.3,97,73,78,84,89.75,1
1765,108.8,90,18.1,97,73,78,80,0.8,92
1766,90,97,29.1,99,73,100,84,25,12
1767,214,88,3.7,96,73,100,84,23,88
1768,111.2,93,16.9,98,67,78,77,0.4,96
1769,347.67,47,2.1,48,78,89,91,8.34,32
1770,473,91,12.4,97,73,78,84,184,4
1771,4232,98,4.7,98,73,100,84,14,6
1772,472.6,92,9.9,97,58,100,75,10,34
1773,284.57,43,3.3,44,73,89,75,11.86,3
1774,227.17,90,3.7,97,73,89,62,1.34,92
1775,1328.5,56,3.8,56,83,89,91,3.75,10
1776,329.5,91,16.3,97,73,100,80,128.5,5
1777,256.43,90,7.1,97,67,100,82,20.52,41
1778,165,83,9.7,84,73,89,75,23,2
1779,1521.57,84,2.3,84,73,78,84,57.14,2
1780,183,93,11.4,98,73,89,62,58,95
1781,323,92,24.2,97,80,100,65,16,42
1782,582.85,56,4.4,58,67,89,77,113.66,3
1783,139.5,95,3.2,98,73,78,80,27.5,35
1784,183,94,27.6,98,80,100,87,15,2
1785,258.5,72,9.2,72,73,89,75,14.5,9
1786,269,95,0.9,98,67,100,82,48,5
1787,491.8,90,9.8,96,73,100,84,12,37
1788,373,94,20.3,98,80,100,87,20,4
1789,418.6,99,4.7,100,73,89,62,1.4,6
1790,229.4,98,13.9,100,73,100,84,10.4,39
1791,437.8,90,7.3,97,60,89,69,256.07,4
1792,322,95,21.8,98,73,100,80,132,12
1793,127.2,94,20.3,98,73,78,84,15.8,3
1794,297.17,86,2.4,86,53,89,66,93.52,9
1795,219.8,98,1.3,100,73,78,84,5.8,35
1796,81.5,89,15,96,73,100,84,1,37
1797,233,94,14.5,98,58,100,75,11.4,34
1798,158.67,93,11.7,98,73,100,84,0.67,61
1799,234.8,95,1.3,98,67,100,82,33.8,10
1800,214.67,63,12.5,63,73,78,84,25.67,12
1801,132,89,5,96,73,78,84,4,3
1802,1456.67,90,4.1,96,73,78,62,19,93
1803,411.4,93,10.8,98,58,100,75,9.4,34
1804,117.5,89,3.2,96,73,78,84,0.5,89
1805,113,83,22.3,84,83,89,91,4,9
1806,125.45,59,8.6,60,73,78,84,58.45,93
1807,996,84,3,84,60,78,69,120,38
1808,198,96,14.7,99,67,78,72,50,10
1809,504.6,100,1.9,100,73,100,84,3,40
1810,350.71,63,6.1,64,73,89,80,16.21,88
1811,602,99,6.6,100,73,100,84,10.33,11
1812,1734.34,97,2.5,98,67,89,58,14.65,91
1813,100.33,87,18.6,95,73,100,80,0.66,93
1814,277.25,97,7.6,99,73,100,80,90.75,2
1815,1072.75,78,3.8,78,80,89,87,42.5,10
1816,396.6,87,1.3,95,73,100,84,3.4,38
1817,137.25,92,2.7,97,73,100,84,17.75,12
1818,221.4,91,2.6,97,73,100,80,43.2,5
1819,486.5,99,5.5,100,80,89,65,60,62
1820,148.5,98,11.4,99,73,89,62,1,5
1821,115,87,24.5,95,67,89,82,1,11
1822,1301.33,98,3.5,98,83,89,91,154.5,4
1823,386.5,93,11.3,98,73,89,62,69.5,91
1824,51.67,98,0.8,100,73,78,84,0.67,38
1825,222,97,14.7,99,73,100,84,8.6,41
1826,112.75,78,6,78,73,78,84,1.75,7
1827,540.67,75,7.3,76,83,50,91,123,65
1828,485.67,93,7.8,98,67,78,77,1.11,97
1829,391.6,92,10.8,97,73,100,84,12.6,35
1830,2629.33,88,0.8,89,78,89,89,817,3
1831,253.2,88,2.7,96,73,100,80,45.8,3
1832,156,83,20.5,84,67,89,72,28,66
1833,60.47,78,9.2,79,67,100,77,4.47,11
1834,181.57,99,3.5,100,67,78,84,40,8
1835,57.32,54,10.4,54,67,89,82,1.76,40
1836,386,87,20.5,96,73,89,62,13,1
1837,180,92,27.8,97,80,100,87,18,3
1838,297.8,91,0.9,97,73,100,84,6.4,40
1839,137.22,96,1.6,99,73,100,84,75,36
1840,514.33,47,3,47,73,78,75,123.5,9
1841,84.86,87,1.9,95,73,100,80,19.86,41
1842,384.5,57,5.7,59,67,89,77,24.41,95
1843,124.33,96,7.7,99,80,89,65,43,97
1844,190,83,33.2,84,80,89,83,1,7
1845,247.4,92,0.9,97,67,100,82,42.6,11
1846,188.56,91,11.5,97,73,78,80,21.12,94
1847,184,96,12.3,99,73,100,80,5.5,11
1848,112,85,32.4,95,73,78,84,1,2
1849,215.5,78,6.9,79,73,89,84,79,95
1850,228.3,7,4.8,8,67,89,72,9.07,9
1851,845.18,11,2.7,11,67,89,82,655.66,86
1852,236.3,90,4.5,90,53,89,66,56.97,5
1853,285.57,85,3.1,86,53,89,66,71.61,3
1854,134,83,12,84,83,78,93,32,4
1855,220,95,22,98,80,100,87,21,6
1856,125,94,24.1,98,73,89,62,2,33
1857,153.44,87,1.7,96,73,100,80,0.77,41
1858,345,95,2.9,98,73,100,84,48.6,3
1859,119.2,90,3.6,91,73,78,84,29,57
1860,96,83,21.8,84,67,89,72,4,4
1861,247.4,98,2.6,100,73,100,84,43.2,8
1862,280.5,52,0.8,52,67,89,72,163.5,82
1863,839.5,56,3.1,57,73,89,75,78.5,40
1864,333,99,23.2,100,73,100,80,19,1
1865,80.5,88,1.1,96,73,78,62,29.5,7
1866,1471.92,61,2.1,62,73,67,80,725.67,96
1867,235.17,56,1.5,58,73,89,75,33.17,12
1868,209,94,14.8,98,73,100,80,24.5,33
1869,225.75,78,6.5,79,67,89,82,67.5,95
1870,98.09,87,17.2,96,67,100,82,21.54,28
1871,419.6,92,10.8,97,73,100,84,9.6,38
1872,249.5,91,7.9,97,60,100,79,84,65
1873,138.25,98,14.5,100,73,100,84,19.92,39
1874,257,91,8.2,91,60,100,74,117.5,11
1875,3111.67,99,2.1,100,67,100,77,4.34,87
1876,155.75,90,13.8,97,73,78,84,15.25,89
1877,314.25,67,5.8,67,73,67,84,39.75,31
1878,1177.5,98,2.5,98,80,89,83,1083,3
1879,122.27,53,6.5,53,67,89,72,81.27,9
1880,203,89,0.8,96,73,100,84,6,42
1881,500,97,10.1,99,73,78,84,1,33
1882,133.62,70,4.9,70,73,89,84,2.37,5
1883,216.27,52,5.4,52,67,67,77,88.1,2
1884,158.1,61,8.6,62,73,89,84,10.7,89
1885,203,87,3.6,96,73,78,84,21,38
1886,133,92,0.8,92,80,78,78,18.25,91
1887,129.2,86,3.5,95,67,100,82,1.4,90
1888,91,83,25.8,84,78,89,89,3,64
1889,1375,63,4.5,64,67,78,82,6.67,12
1890,140,96,2,99,60,100,74,42.67,8
1891,194,72,14.1,72,83,89,91,6.5,11
1892,391.59,97,5.4,99,83,78,93,16.18,36
1893,187.2,96,2,99,60,100,74,51.8,87
1894,221.53,26,4.7,26,67,100,77,170.53,10
1895,248.32,89,7.3,90,67,100,77,50.11,5
1896,263,83,13.2,84,67,100,82,104,7
1897,292.14,85,1.2,85,73,100,80,63.71,89
1898,150.33,90,1.7,96,60,100,74,49.66,6
1899,946,63,4.2,63,73,89,75,100.33,35
1900,529.33,66,1.1,66,73,100,80,73.66,56
1901,248.6,89,1.4,96,67,100,82,45.4,7
1902,226,97,14.6,99,73,100,84,11.2,34
1903,2342.83,75,0.8,76,73,78,84,37.83,3
1904,266.87,85,4,85,53,89,66,54,9
1905,2187.5,97,0.9,99,80,78,87,23.25,36
1906,131.67,88,6.9,96,73,78,84,9,8
1907,113.09,53,8.4,53,60,89,74,7.18,60
1908,179.29,44,1.9,45,67,89,72,5.58,7
1909,324,88,0.9,96,73,100,84,7,35
1910,846,87,6.8,96,73,78,84,20.2,94
1911,133.75,89,3.4,96,60,100,74,33.75,34
1912,184.5,97,4.2,99,60,100,74,71.5,21
1913,516.67,63,7.2,63,83,89,91,10.67,33
1914,132.67,97,6.9,99,73,78,84,8.34,5
1915,230.6,97,14.2,99,73,100,84,9.6,37
1916,156,72,9.4,72,73,89,84,27,65
1917,128.5,97,17,99,73,78,62,16.5,92
1918,236.2,98,1.1,100,73,100,84,7.2,41
1919,119,83,10.7,84,73,89,80,1,2
1920,322,89,23.2,96,73,100,80,22,7
1921,256,91,14.9,97,80,89,65,69,39
1922,289.5,70,7.5,70,73,78,80,110.25,36
1923,137,86,8.6,86,73,78,84,2,8
1924,102.2,90,3.3,97,73,100,80,2.2,41
1925,265.19,98,9.7,100,67,100,77,14.25,57
1926,518.8,97,9.7,99,58,100,75,8.8,40
1927,254.6,96,2.4,99,73,100,84,37.6,9
1928,428,74,1.4,75,73,78,84,11.83,97
1929,230.2,89,14.6,96,73,100,84,11.2,33
1930,336,88,12,96,73,100,84,11.6,41
1931,628,90,20.2,97,73,100,84,17,5
1932,208.6,89,0.8,96,67,100,82,42,11
1933,312.43,88,9.6,96,72,78,89,16.36,11
1934,397.5,74,2.4,74,60,89,79,0.33,2
1935,185,83,33.7,84,80,78,83,1,10
1936,206.4,60,6.7,61,78,89,89,7.6,1
1937,64.64,32,9.2,32,67,89,77,30,3
1938,146.43,98,1.9,99,83,78,91,1.5,6
1939,333.4,97,12.1,99,73,100,84,11.2,39
1940,464.17,22,3.5,23,60,78,83,124.39,6
1941,582,72,8.3,72,67,78,72,153.5,2
1942,576.71,28,1.2,29,67,89,72,1.18,5
1943,61.42,80,8.6,81,67,100,77,4.95,9
1944,118.33,96,7,99,73,78,84,8.66,6
1945,78,100,10,100,80,78,65,1,12
1946,2326.29,64,1.9,64,73,78,80,7.93,7
1947,126,99,2.4,100,73,78,84,2,94
1948,782,100,16,100,80,100,87,2,11
1949,171,67,8,67,73,78,84,7.25,32
1950,303,91,12.3,97,78,89,89,5,5
1951,271.25,78,6.7,79,73,67,84,148,1
1952,65,83,24.3,84,78,89,89,4,4
1953,401.62,61,5,62,73,78,80,108,91
1954,469,98,13.1,100,67,78,77,0.67,93
1955,155.83,92,1.1,92,73,100,80,5.66,60
1956,198.8,99,1.1,100,73,100,84,8,37
1957,1196,83,5.5,84,78,89,89,585,9
1958,169,83,18.9,84,80,78,87,4,11
1959,274,99,22.6,100,73,100,84,15,8
1960,248.6,91,2.7,97,73,100,84,44.4,10
1961,634.4,92,2.8,97,80,100,87,41.2,34
1962,92.59,91,17.4,97,72,78,86,1.35,1
1963,117,91,1.8,97,73,78,84,43,4
1964,197.07,26,5.2,26,53,100,66,27.27,29
1965,267.8,99,4,100,73,100,84,41.2,1
1966,139.2,40,5.5,40,60,78,54,18.38,4
1967,131,19,4.8,20,67,89,72,3,91
1968,159.62,34,0.9,35,78,89,89,3,6
1969,253,86,7.2,86,73,78,80,108.5,8
1970,249,85,24.9,95,83,89,91,1,3
1971,2808.33,87,2.3,95,73,78,80,0.5,5
1972,106,86,17.6,95,73,78,62,18.91,2
1973,140,86,8.3,86,73,78,84,2,34
1974,1817,71,2.7,71,73,78,75,68.5,92
1975,443.4,95,1.6,98,67,100,82,40.8,6
1976,241.8,94,13.6,98,73,100,84,7.8,41
1977,355,85,2,95,50,100,72,145,4
1978,267,94,1.8,98,58,100,75,7.4,31
1979,305.7,86,5.5,86,53,89,66,91.18,4
1980,246.43,85,9.7,95,53,89,66,39.73,8
1981,261,100,12.8,100,73,100,84,8.6,37
1982,230.48,82,8.3,83,53,89,66,57.44,10
1983,220.6,93,2.4,98,73,100,84,6,35
1984,1422,90,3.6,90,73,78,84,19,11
1985,356.96,85,2.2,85,53,89,66,133.7,7
1986,277.6,93,2.3,98,50,100,72,44.4,2
1987,246.53,88,6.8,89,53,89,66,63.45,12
1988,147,94,27,98,89,78,93,3,9
1989,227.2,86,2.4,95,73,100,84,6.8,39
1990,375.78,83,1.3,84,53,89,66,126.87,7
1991,1510.33,82,3.2,83,73,78,84,19.66,2
1992,329.13,85,0.4,85,53,89,66,139.74,8
1993,1347.91,88,2.6,88,73,78,84,28.55,2
1994,277.35,86,6.3,86,53,89,66,79.26,11
1995,258.2,91,13.6,97,58,100,75,6.8,40
1996,251.8,93,2.1,98,50,100,72,33,5
1997,223.6,92,14.6,97,73,100,84,8.8,33
1998,144.29,76,3,76,60,89,69,9.72,1
1999,287.04,84,1.6,85,53,89,66,99.04,1
2000,300.61,85,4.8,86,53,89,66,105.78,10
2001,221,99,14.8,100,73,100,84,8,39
2002,268.2,91,1.8,97,67,100,82,38,2
2003,275.8,100,1.9,100,67,100,82,45.8,10
2004,266.8,92,2,97,58,100,75,8,42
2005,163,83,20.4,84,73,78,84,5,10
2006,276.6,93,2.3,98,73,100,84,5.8,42
2007,250,92,13.8,97,73,100,84,9.4,36
2008,299,85,3.5,86,53,89,66,104.96,12
2009,271,93,3.9,98,73,100,84,44.6,4
2010,383.25,94,6.1,98,73,89,75,46.75,6
2011,280.39,86,6.4,86,53,89,66,88.78,8
2012,262,85,1.7,95,73,100,84,7.2,32
2013,232.2,87,2.2,95,73,100,84,7.8,38
2014,132.18,13,9,14,33,78,59,6.57,96
2015,244.2,85,2.2,95,67,100,82,30.4,12
2016,249.2,92,1.6,97,67,100,82,40,3
2017,275.87,85,6.5,86,53,89,66,74.44,10
2018,218.2,93,2.4,98,73,78,84,6.8,40
2019,194.8,92,1.8,97,73,100,84,5.2,41
2020,263.8,94,2.3,98,50,100,72,40.6,3
2021,265,93,2.6,98,67,100,82,41.4,4
2022,262.8,85,2.7,95,67,100,82,41,2
2023,277.96,85,3.8,86,53,89,66,84.39,10
2024,303.74,85,4.5,86,53,89,66,110.44,1
2025,225,100,1.9,100,58,100,75,5.8,35
2026,324.8,86,12.4,95,73,100,84,9.6,41
2027,347.2,85,1.9,95,58,100,75,8.8,32
2028,342.43,85,5.4,86,53,89,66,147.47,10
2029,402,92,10.7,97,58,100,75,10,34
2030,234.2,94,2.6,98,73,100,84,5.6,38
2031,359.61,85,1.1,86,53,89,66,110.48,10
2032,283,71,6.5,71,53,89,66,66.35,6
2033,713.2,99,7.9,100,58,100,75,15.8,39
2034,259.4,85,1.9,95,67,100,82,33.8,6
2035,260.6,94,1.8,98,67,100,82,45.8,12
2036,277,86,4.4,95,73,100,84,44.6,2
2037,330.2,85,2.1,95,67,100,82,46.8,3
2038,271.4,92,4.2,97,73,100,84,41.6,5
2039,300.8,86,2.2,95,73,100,84,6.4,33
2040,393.35,86,1.2,86,53,89,66,123.13,7
2041,287.26,86,5.1,86,53,89,66,96.56,2
2042,401.2,92,3.2,97,73,100,84,51.2,10
2043,404,93,1.5,98,67,100,82,42.4,9
2044,243.6,85,1.9,95,73,100,84,7,41
2045,489.8,94,3.4,98,73,100,80,6.6,38
2046,270.2,86,4.3,95,73,100,84,44.8,6
2047,265,85,13.6,95,67,100,82,42.6,4
2048,447.4,86,9.4,95,73,100,84,12.6,39
2049,406,86,3,95,73,100,84,47,11
2050,334.43,84,1.4,84,53,89,66,114.43,11
2051,302.3,85,3.4,85,53,89,66,115.43,7
2052,463.6,94,2.1,98,73,100,84,23.2,32
2053,251.4,93,2.1,98,67,100,82,40.6,3
2054,347,95,1.2,98,67,100,82,43.4,11
2055,294.04,85,5.2,86,53,89,66,92.56,8
2056,283.17,84,2.6,85,53,89,66,101.56,5
2057,437.8,95,10.4,98,73,100,84,12.6,33
2058,325.6,86,12,95,73,100,84,10.6,37
2059,232.2,85,1.8,95,73,78,84,5.8,34
2060,242,87,2.8,95,73,100,84,6.2,39
2061,273.2,86,1.8,95,58,100,75,8.2,40
2062,260.6,93,2.1,98,67,100,82,39,9
2063,251.4,87,1.5,95,58,100,75,7.4,34
2064,255.4,94,2.3,98,67,100,82,40,10
2065,3288,18,1.3,19,67,89,72,2.96,7
2066,267.43,86,5.7,87,53,89,66,77.39,1
2067,328,94,12.3,98,73,100,84,10.6,33
2068,386,96,2,99,67,100,82,45.4,12
2069,1075.2,90,3.4,90,73,100,84,142.6,1
2070,257.2,87,1.7,95,58,100,75,8.4,33
2071,293.09,86,5.1,87,53,89,66,90.87,4
2072,270.4,87,2.4,96,67,100,82,52.6,2
2073,308,85,2.8,85,53,89,66,93.74,12
2074,2324.27,93,1.6,93,60,78,74,1591.09,10
2075,164,100,7.3,100,73,100,84,48.25,11
2076,434.67,69,0.6,69,73,100,80,1.67,87
2077,579.58,98,1.2,98,60,100,72,106.15,2
2078,335.3,85,2.4,86,53,89,66,100.3,11
2079,315.72,92,6.5,97,72,78,86,10.4,10
2080,231.6,96,14,99,73,100,84,10.6,42
2081,2262.33,63,2.9,63,73,89,75,5.66,58
2082,237.8,97,1.2,99,73,100,84,10.4,35
2083,359.13,85,1.1,86,53,89,66,116.56,8
2084,64.28,80,9.1,81,67,100,77,5.78,11
2085,236,83,17.2,84,89,78,93,7,8
2086,490.23,88,5.8,96,60,78,79,1.08,90
2087,159.5,98,2.8,100,73,78,80,16.5,37
2088,161,100,12.5,100,73,100,80,5,8
2089,365.5,61,2.1,62,73,67,84,101.6,94
2090,105.43,87,1.2,95,73,100,80,5.57,11
2091,1275.25,56,3,57,67,89,72,88.75,9
2092,239.6,92,12.2,97,73,100,75,16,4
2093,232.83,46,4.9,47,78,89,89,11,12
2094,789,84,2.5,84,67,78,72,608,58
2095,248,95,23.8,98,73,89,62,1,35
2096,235.25,94,8.1,98,73,78,80,93.5,7
2097,268.11,96,8.3,99,67,78,58,0.72,31
2098,183.28,57,7.3,59,67,89,77,35.5,2
2099,141.25,59,0.8,59,53,89,66,34.25,6
2100,125.88,69,10.5,70,73,78,80,66.88,89
2101,859,92,16.2,97,73,100,84,2,3
2102,217.05,91,7.3,91,67,100,77,28,3
2103,478.5,99,8.4,100,42,89,62,7,33
2104,155,72,15,72,89,78,95,3,2
2105,1336.75,47,3,48,67,89,72,41.5,34
2106,223.5,86,15.7,95,73,100,84,37.5,6
2107,66,83,25.1,84,73,78,80,3,3
2108,432,86,8.8,95,80,100,86,1.29,5
2109,853.6,88,6.1,96,60,78,74,55.2,12
2110,349.22,36,6.8,37,73,78,83,4.11,3
2111,215.2,56,1,57,60,78,79,9.2,11
2112,344.82,59,5.4,60,67,89,77,17.64,94
2113,217.2,90,0.8,97,58,100,75,9.6,32
2114,133.67,92,6.9,97,73,78,84,7.67,10
2115,2150,83,7.4,84,73,89,84,7,1
2116,201.4,87,0.7,95,73,100,84,8,33
2117,219.2,94,1.1,98,73,100,84,8.4,40
2118,68.88,17,4.3,18,60,78,79,5.76,5
2119,69.71,89,3.5,96,80,100,83,0.42,11
2120,3273.75,84,1.6,85,73,78,88,11.13,8
2121,149.46,93,10.7,98,67,100,77,6.43,11
2122,176.25,89,7.1,90,80,89,83,39.5,10
2123,69.33,95,19.4,99,67,78,77,25.22,93
2124,61.42,79,8.9,80,67,100,77,5.37,8
2125,100.14,92,3.2,97,80,100,87,7.71,10
2126,227,83,23.9,84,50,89,66,111,6
2127,88,83,28.2,84,89,89,93,3,10
2128,365.5,79,2.5,79,73,78,84,18.25,90
2129,133.04,17,3.5,17,42,100,69,20,92
2130,180.59,95,11.8,98,67,78,82,35.71,64
2131,193.33,94,4.3,98,83,89,91,123.22,11
2132,111,96,5.4,99,58,89,80,2.75,8
2133,115,97,6.9,99,73,78,84,8,10
2134,451,64,2.3,64,60,100,79,287.33,31
2135,116,98,16.7,100,67,78,77,1.33,92
2136,257.67,88,8.9,88,67,78,72,16.67,9
2137,150.91,86,13.5,95,67,78,77,4.18,9
2138,1674,55,0.8,56,67,78,85,1005.4,9
2139,283,87,21.1,95,60,78,69,30,11
2140,181.7,34,3.5,34,73,78,84,41.7,57
2141,62.75,56,7.8,56,83,89,91,2.25,10
2142,438.78,89,8.4,96,67,78,77,0.67,95
2143,349.58,66,2.3,66,80,89,83,36.58,7
2144,256.96,85,4.5,86,53,89,66,81,9
2145,118,92,27.4,97,58,100,80,3,9
2146,237.5,72,12.7,72,78,89,89,4,96
2147,241.2,99,0.9,100,58,100,75,7.8,40
2148,352,83,11.6,84,73,89,62,156,86
2149,327,72,4.4,72,67,89,72,14,34
2150,512.25,92,6.8,93,80,78,83,46.37,92
2151,486,94,3.1,98,73,78,84,1,87
2152,238.4,95,1.3,98,73,100,84,9.2,36
2153,2911.29,17,1.4,18,67,89,72,17.04,94
2154,261.2,90,1.5,97,50,100,72,51.6,9
2155,370.25,67,5.4,68,73,67,84,19.75,3
2156,146,63,10.5,63,73,78,75,5.67,5
2157,296.57,85,2.7,85,53,89,66,95.09,10
2158,154.5,100,12.2,100,73,100,80,5,7
2159,69,83,23.4,84,78,89,89,2,6
2160,221,87,25.9,95,73,100,84,1,8
2161,102.5,96,3.2,99,80,78,87,42.5,95
2162,438,98,10,100,73,78,84,61,1
2163,135,83,20.6,84,67,89,72,21,9
2164,70.75,56,8.3,56,83,89,91,7.5,11
2165,299.2,100,1.4,100,67,100,82,41.8,7
2166,112.33,86,1.7,95,73,78,62,1,3
2167,153,96,6.3,99,73,78,84,99,5
2168,251.5,86,12.7,86,67,89,72,77,2
2169,122,39,1.1,39,33,78,71,7.85,4
2170,157.5,46,5.6,47,73,89,84,12.33,6
2171,164.8,90,5.1,91,73,78,84,30.4,8
2172,1418.2,80,3.5,81,73,78,84,43,4
2173,251.8,100,2.5,100,73,100,84,46,7
2174,423.17,86,6.2,95,60,78,74,141.95,96
2175,665.5,85,2.1,95,73,100,80,29.38,87
2176,313.6,92,11.7,97,58,100,75,9,39
2177,84,91,30.9,97,73,89,62,21,8
2178,231.4,99,1.5,100,73,100,84,6.8,41
2179,105.56,92,14.6,97,73,78,80,0.67,95
2180,136,56,5.3,57,50,89,66,7,2
2181,144.83,91,4,92,67,78,66,6.5,4
2182,120,85,34.4,95,83,89,91,1,12
2183,665.67,63,7.7,63,89,100,93,9.34,58
2184,793.17,48,1.7,48,67,89,72,2.34,5
2185,101.33,63,4,64,73,100,80,2.66,7
2186,269.5,86,11.8,95,73,89,62,62.5,32
2187,210.6,88,0.7,96,73,100,84,6.6,40
2188,199.2,87,8.6,95,67,78,77,23.75,86
2189,166,89,7,90,80,89,83,43.75,9
2190,112,83,26.1,84,83,89,91,8,58
2191,141.5,93,15.9,98,50,78,66,11.38,90
2192,146.33,100,6.9,100,73,78,84,8,12
2193,220.75,56,6.3,57,58,78,80,57.25,16
2194,282.43,85,12.4,95,73,78,84,10.43,96
2195,146.8,93,1.1,98,73,78,80,1,89
2196,234.4,98,2.7,100,67,100,82,26.6,4
2197,134,97,29.9,99,73,78,84,10,6
2198,171,83,20.1,84,83,89,91,3,57
2199,143.25,79,1.8,79,73,78,84,78,6
2200,78,100,35.3,100,67,78,72,1,63
2201,202.17,46,4.9,47,73,78,75,3,21
2202,960.29,32,3.1,33,60,78,79,865.29,2
2203,321.71,86,4.5,95,73,78,84,76.42,63
2204,1212.2,90,4.5,90,60,78,69,70.8,5
2205,214,67,8.5,68,73,78,84,116.6,37
2206,280.17,85,3.9,86,53,89,66,97.74,9
2207,484.5,79,7.6,79,73,100,84,186,9
2208,529,95,3.1,99,73,78,62,15,11
2209,687,94,15.6,98,73,100,84,200,38
2210,221.11,43,0.7,43,73,89,75,2.55,10
2211,223.6,95,14.6,99,73,100,84,9.4,31
2212,82,72,13.8,72,67,89,72,4.5,4
2213,174.5,99,2.5,100,80,78,87,1,96
2214,341,100,23.6,100,73,100,80,20,3
2215,222.4,94,1.7,98,73,100,84,5.6,41
2216,1939.79,35,1.1,36,67,78,82,1839.43,9
2217,255,86,19.5,87,83,89,91,11,2
2218,206,98,2.1,100,67,89,82,10.25,59
2219,230.4,100,14.5,100,58,100,75,11.4,42
2220,236.6,94,2.3,98,73,100,84,4.6,36
2221,314.5,96,14.1,99,73,100,84,30,9
2222,300.5,72,11.8,72,83,89,91,7.5,34
2223,192.67,63,10.5,63,42,100,69,4.67,6
2224,252.33,100,10.8,100,50,100,62,6.44,5
2225,131.38,99,15.4,100,60,89,69,12.19,7
2226,145,85,6.8,95,73,78,84,9,9
2227,399.75,56,5,57,67,89,72,85.75,36
2228,603.54,31,1.7,32,78,78,91,130.85,8
2229,803,83,1.2,84,83,89,91,445,57
2230,223.2,89,2.2,96,73,100,84,6.2,38
2231,121.2,55,1,55,50,78,66,5,93
2232,151,89,1.9,96,60,100,74,45.33,10
2233,192,91,5.1,97,60,100,79,62.5,7
2234,102,90,2.5,97,67,100,82,1,39
2235,500.75,56,4.7,57,73,89,75,84.75,11
2236,196,83,32.8,84,83,89,91,3,57
2237,229.4,99,13.7,100,73,100,84,8.6,40
2238,141,92,1.4,97,73,78,84,1,86
2239,244.17,99,3.7,100,80,100,83,1,7
2240,943.5,77,4.4,77,73,67,84,88,9
2241,130.67,100,6.9,100,73,78,84,10,12
2242,1400,78,4.3,79,73,78,84,22.25,12
2243,121.15,88,6.4,89,67,100,77,8.2,7
2244,1840,90,8.7,97,73,78,80,26,39
2245,143.65,19,4.1,19,60,78,79,9.69,6
2246,272.3,35,2.7,35,73,67,84,2.8,8
2247,141.5,93,17.6,98,67,100,83,12,10
2248,260.69,78,4.7,78,67,78,84,27.46,5
2249,243,88,13.8,96,73,100,84,10.2,36
2250,379,63,5.6,63,73,78,88,18.67,7
2251,208.6,88,1.2,96,73,100,84,8.6,36
2252,308.5,56,6.2,56,83,89,91,7.25,31
2253,254.4,98,1.3,99,67,100,82,35.6,3
2254,1516.67,91,2.7,91,73,78,84,48.17,3
2255,397,88,1.4,89,60,100,74,169.67,35
2256,148.33,92,2,97,73,78,80,1.66,93
2257,387,83,22.6,84,83,89,91,1,4
2258,100,94,21.8,98,73,100,87,2,64
2259,214.75,57,1.3,58,67,89,72,147.25,84
2260,508.94,96,6.7,99,67,100,77,14.63,66
2261,490,98,12,100,73,89,62,140,36
2262,114,97,15.7,99,73,89,62,50.5,93
2263,857,83,6.4,84,73,100,87,3,8
2264,765,99,16.5,100,73,100,80,6,90
2265,241,100,24.6,100,83,89,91,8,7
2266,307.6,94,0.9,98,67,100,82,42.4,10
2267,198,96,22.4,99,73,100,84,2,94
2268,366,88,8.3,88,73,100,84,52,11
2269,105.6,100,19.2,100,73,78,84,0.6,95
2270,368.5,85,3.7,95,67,78,82,19,9
2271,136.86,87,1.8,96,67,100,82,1.15,96
2272,353.17,66,2.3,66,80,89,83,42.84,2
2273,481.33,88,0.8,96,67,78,82,1,96
2274,86.75,94,23,98,73,78,80,18.75,93
2275,84.71,18,4.8,19,72,89,86,2.92,65
2276,162,100,12.4,100,73,100,80,5,7
2277,86.5,57,1.5,58,67,78,72,1.25,12
2278,246.4,87,0.8,95,73,100,84,5.6,37
2279,2967.75,56,2.4,58,83,89,91,4.25,3
2280,104.6,89,19.1,96,73,78,84,1,89
2281,251.38,70,1.9,71,67,89,82,0.88,61
2282,102.5,89,3.1,96,80,78,87,47.5,88
2283,491,91,4.2,97,73,100,80,23.5,66
2284,70.62,18,4.3,18,60,78,79,3.97,2
2285,48.15,60,5.2,60,60,89,69,2.03,31
2286,368,61,1,62,53,89,66,202.82,63
2287,134.75,96,7.5,99,80,89,83,2.5,8
2288,181.36,98,12.6,99,73,100,84,17.63,90
2289,219,97,21.9,99,80,100,87,23,5
2290,379.5,88,14.8,96,73,100,80,137.5,7
2291,234.6,50,10,51,83,89,91,3.4,64
2292,152.07,95,12.8,99,53,100,66,33.14,32
2293,190.17,73,2.6,74,73,89,80,19.67,61
2294,564,83,13.7,84,89,100,93,122,8
2295,287.07,94,8.3,98,67,89,58,11.36,5
2296,276,99,14.5,100,80,89,65,70,37
2297,492.13,88,6.8,96,60,78,74,1.33,95
2298,179.5,98,8,100,80,100,87,0.5,12
2299,1442.86,87,2.9,95,73,78,84,46.72,5
2300,151.85,12,6.5,12,53,78,66,3.85,41
2301,128.8,98,11.6,97,73,100,84,4.39,2
2302,160.67,73,7.5,74,73,89,84,6,4
2303,232,85,12.8,95,78,78,91,5,12
2304,261.62,21,1.5,21,53,78,66,14.12,3
2305,199,94,10.1,98,73,78,84,39,5
2306,76.88,92,17.4,97,60,89,54,26.47,96
2307,231.8,87,1.1,95,73,100,84,9.2,36
2308,423,63,5.4,63,73,89,62,16.67,41
2309,351,83,17,84,83,89,91,13,63
2310,133,83,14.3,84,73,78,84,18,65
2311,95,83,24.1,84,73,78,80,3,12
2312,135.25,78,3.4,79,73,78,84,1.5,3
2313,1042.17,82,3.1,83,73,78,84,56,3
2314,133.67,96,8.7,99,73,78,80,0.67,11
2315,224.2,95,14.3,98,73,100,84,10.4,40
2316,1859.64,96,2.6,99,60,78,79,16.07,94
2317,234,87,1.1,95,67,100,82,14,7
2318,380.83,91,6.6,91,73,78,80,163.5,9
2319,357.57,28,1,30,67,89,72,233,96
2320,471.5,56,3.2,57,73,89,62,5.75,32
2321,678.5,86,1.7,87,67,78,82,2.5,10
2322,204,86,7.1,86,73,67,88,3,1
2323,174.67,85,11.1,95,58,89,80,1,3
2324,177,100,6.9,100,73,78,84,7.33,5
2325,201.5,99,1,100,73,78,84,46,32
2326,414,86,10.5,86,73,89,84,74.5,4
2327,227.4,89,1.1,96,73,100,84,7.6,32
2328,975.9,59,2.7,60,67,89,77,372.67,66
2329,627,83,12.8,84,78,89,89,541,64
2330,231.2,95,1.2,98,73,100,84,10.2,34
2331,163.25,87,1.7,95,73,100,80,0.25,42
2332,320.8,69,1.5,70,73,67,84,31.5,58
2333,234.12,70,2.9,71,73,67,80,61.5,92
2334,203.5,86,16.2,95,58,100,69,0.5,59
2335,164,94,13.6,98,73,78,80,22.29,91
2336,108,83,26.2,84,83,89,91,7,63
2337,181.5,71,1.5,72,67,89,72,9,60
2338,585.4,51,2,52,73,78,84,398.4,11
2339,141.33,94,6.9,98,73,78,84,7.33,10
2340,194.17,73,6.5,74,73,89,84,13.5,7
2341,130.5,86,7.9,86,73,78,84,2,40
2342,173,100,18.3,100,73,100,80,27,8
2343,315,91,12.7,97,73,100,84,10.6,34
2344,119,72,10.6,72,80,89,83,15,67
2345,112.77,91,14.9,97,60,100,74,22.08,39
2346,142.5,92,1.4,97,73,78,84,1.5,88
2347,211,83,13.7,84,67,89,72,28,38
2348,256.6,99,0.8,100,67,100,82,40.6,9
2349,1664.62,42,1,43,83,89,91,1337,1
2350,2697.14,89,1.4,96,67,78,82,26.28,3
2351,174.5,72,13.3,72,83,89,91,3.5,96
2352,177,88,18.5,96,73,78,80,11,94
2353,234,87,15.4,96,73,100,80,2,61
2354,191.33,95,1.5,98,73,78,84,0.66,9
2355,264,94,0.4,98,73,100,80,13,11
2356,103.4,85,18.8,95,73,78,80,0.4,87
2357,205.12,100,12.3,100,67,78,77,0.62,28
2358,420.67,63,9.2,63,80,100,87,91.34,42
2359,107.4,85,19,95,73,78,80,0.8,92
2360,127.33,100,6.9,100,73,78,84,8.66,9
2361,325.3,86,1.4,87,53,89,66,91.52,2
2362,361.33,63,7.6,63,83,89,91,11.66,39
2363,546.33,98,1.5,100,73,78,62,14.66,87
2364,340.2,97,1.2,99,67,100,82,39.6,10
2365,97.73,97,13.3,99,60,67,74,4.46,32
2366,226.58,90,7.2,91,67,100,77,37.37,9
2367,164,86,3.4,95,73,78,84,54.5,96
2368,177.5,94,14.6,98,67,89,58,25.8,32
2369,322.65,95,7.6,99,60,78,74,0.75,93
2370,227.8,100,14.6,100,73,100,84,11.6,40
2371,446,98,6.7,98,60,78,74,22.87,90
2372,134.83,99,2.4,100,58,67,75,25.16,7
2373,111.5,72,21.3,72,73,100,84,1,4
2374,604.33,63,6.8,63,67,78,72,6.66,7
2375,1733.09,97,2.8,99,73,89,62,11.36,8
2376,134.33,97,6.9,99,73,78,84,8.66,10
2377,166.43,65,2,66,80,89,87,10.93,60
2378,278,97,9.6,99,73,100,84,54,7
2379,168,83,21.6,84,78,89,89,5,9
2380,137.33,61,8.7,61,73,67,80,27.61,80
2381,243.07,89,4.6,89,53,89,66,59.53,4
2382,424.83,46,3.7,46,73,89,84,20.83,8
2383,324.5,95,3.9,99,73,78,75,68,2
2384,122.73,94,12.5,94,73,78,62,62.55,4
2385,125.33,94,7.9,98,73,78,84,10.33,12
2386,111.67,85,7.4,95,73,78,84,9,3
2387,133,100,7.7,100,60,89,69,48.25,5
2388,114.25,92,8.2,97,80,89,83,2.5,7
2389,329.7,85,1.8,86,53,89,66,84.48,6
2390,133.5,90,5.4,97,73,100,80,20,59
2391,124,92,7.6,97,73,78,84,9.33,6
2392,2252,83,1.3,84,73,89,75,981,38
2393,271.6,97,11.8,99,67,100,72,23.2,7
2394,287.36,89,9.7,96,73,100,80,6.27,9
2395,122,98,5.7,100,73,78,84,2,5
2396,151.5,90,12.6,96,67,100,82,1,90
2397,300.2,89,2.4,96,73,100,84,49.4,8
2398,112.5,86,15.5,86,73,89,84,65,7
2399,64.4,95,4.1,99,73,100,80,9,39
2400,300.96,85,3.2,85,53,89,66,85.26,8
2401,200.6,56,9,56,67,89,77,28.9,36
2402,298.2,85,12.5,95,73,100,84,8,38
2403,525.5,94,3.4,94,67,67,84,5.6,95
2404,142.17,46,5.8,47,73,89,84,5.5,60
2405,128.75,70,6.6,70,73,89,84,5.37,7
2406,165,92,25.6,97,89,78,93,1,11
2407,233.5,68,3.2,68,73,89,75,4,61
2408,3567,93,5.6,98,80,100,87,39,8
2409,200.2,92,1,97,73,78,84,8.2,32
2410,223.4,100,13.7,100,73,100,84,9.2,33
2411,64,93,9.9,98,80,78,65,2,11
2412,64.75,57,1.4,59,67,100,77,2.25,32
2413,251,86,2.6,87,73,78,80,143,40
2414,107,91,36.9,97,83,89,91,3,12
2415,292.7,85,1.9,86,53,89,66,85.83,4
2416,222,92,1.6,97,58,100,75,9,33
2417,406.25,91,1.7,97,73,78,84,205.75,24
2418,563.5,90,4.3,97,72,78,89,50.33,11
2419,878.5,67,4,68,73,78,87,5.75,10
2420,837,72,6.8,72,67,89,72,135.5,1
2421,1512.25,78,3.8,79,73,78,84,20,4
2422,190.33,75,7.6,76,67,78,72,18,11
2423,150.25,78,10.7,78,73,89,84,3.75,3
2424,157.2,90,17.3,97,73,78,62,48.8,90
2425,114.83,89,18.5,96,73,100,80,31.66,66
2426,568.6,54,1.3,54,67,89,72,404.6,81
2427,110,83,21.6,84,67,89,72,5,4
2428,494.8,97,9.6,99,73,100,84,10.2,38
2429,202.04,97,9.9,99,60,89,74,6.92,40
2430,252.59,57,4.8,58,67,78,82,50.59,90
2431,439.4,88,9.4,96,73,100,84,10,33
2432,280.7,85,4.2,86,53,89,66,64.96,6
2433,46,72,15.4,72,73,78,84,3,4
2434,296,74,2.2,75,73,89,80,18,6
2435,311,83,15.2,84,60,89,69,7,9
2436,289.75,39,2.7,39,78,78,91,28.5,8
2437,266.4,95,1,99,73,100,84,8.4,34
2438,220.2,87,1,95,73,100,84,7.2,40
2439,1479,96,7.5,99,73,78,84,2,40
2440,396.4,88,1.6,96,73,100,84,34.2,9
2441,546.4,91,1.1,91,73,100,84,25.6,34
2442,413,83,17.8,84,78,89,89,10,6
2443,168.17,93,14.2,98,73,78,62,18.5,92
2444,517,83,14.5,84,83,89,91,375,12
2445,96,83,21,84,73,100,80,3,3
2446,252,93,0.7,98,67,100,82,39.6,2
2447,253.83,13,7,13,67,89,84,5.92,64
2448,141,100,9.5,100,73,78,84,9,6
2449,503,16,5,16,67,89,72,43.71,93
2450,287,90,8.1,97,60,78,69,16.94,10
2451,207.69,89,12.6,96,53,100,71,27.61,88
2452,770.6,98,1,98,60,100,72,254.5,11
2453,309.2,96,12.6,99,73,100,84,10.6,39
2454,140.64,94,13.1,94,73,78,62,54.28,2
2455,225.87,25,6.1,26,67,89,72,22,31
2456,146,93,5.9,98,67,78,72,24,3
2457,116,87,2.8,95,60,100,74,30,5
2458,149.75,78,9.4,78,80,89,87,4.5,89
2459,109.5,94,8.2,98,73,100,84,14.75,87
2460,176.33,92,6.5,97,83,89,91,119.83,7
2461,184.67,88,1.9,89,73,78,75,7.67,57
2462,49.5,85,1.8,95,67,78,72,1.5,34
2463,1084.5,85,7.3,95,58,100,57,6.5,5
2464,461.5,39,5.1,40,80,89,83,331.88,62
2465,222.6,85,15.6,95,73,100,84,6,34
2466,84,91,12.5,97,67,78,82,2,8
2467,74.5,92,8.4,97,73,78,80,23.5,88
2468,259,56,4.1,57,67,78,72,12.75,11
2469,182.25,67,9.7,67,67,67,85,46.5,7
2470,269.38,99,9,100,67,100,72,39.88,65
2471,101.84,14,10.6,15,60,89,69,3.29,90
2472,200,78,9.6,78,73,89,80,81.5,37
2473,330.2,99,2.4,100,73,100,84,38.2,9
2474,790.2,91,3.1,97,78,78,89,1.8,9
2475,194.6,90,1.9,97,58,100,75,5.4,41
2476,86.4,89,24.7,96,73,78,84,8.4,6
2477,105.67,91,3.5,97,60,100,74,23,3
2478,513.5,27,3.8,28,33,89,59,30,29
2479,131,97,2.3,99,60,100,74,27.5,77
2480,113.5,96,1.3,99,60,100,79,24,10
2481,89,83,13.2,84,73,67,80,1,36
2482,98,87,13.7,95,67,78,77,1,39
2483,211,43,3.1,44,53,89,66,7.71,59
2484,321.4,88,2.8,96,73,100,84,38.4,7
2485,124.38,87,15.8,95,73,78,84,0.88,91
2486,112.81,24,12.6,25,67,100,77,4,65
2487,202.4,85,0.8,95,73,100,84,7.4,31
2488,303.1,34,10.4,34,73,100,80,2.4,92
2489,175.75,78,10.8,78,73,89,80,79.75,24
2490,1818.64,62,2.4,63,73,78,84,37.35,11
2491,83.12,90,21.9,97,73,100,80,10.87,6
2492,83,92,24.8,97,73,78,84,10.6,9
2493,111.2,91,17.6,97,50,78,77,14.4,35
2494,894.5,56,3,57,83,89,91,715.25,85
2495,70.23,17,8.3,18,60,78,79,5.58,10
2496,783,63,4.6,64,73,89,75,76.33,38
2497,132.86,28,3.8,28,78,50,89,4.36,62
2498,196.33,87,9.5,95,53,100,71,38.12,86
2499,128.06,62,3.3,62,73,89,84,10.56,4
2500,1845.5,72,5,72,83,89,91,3.5,1
2501,58.21,62,13.3,63,67,100,77,4.68,1
2502,2555,83,0.3,84,73,78,88,2035,64
2503,200.8,93,2.4,98,73,100,84,7.4,41
2504,56.17,97,11.3,97,83,78,91,7.17,3
2505,93.93,80,2.1,80,67,78,82,3.72,60
2506,106.75,86,1.3,95,80,78,87,1.25,96
2507,316.5,72,15.9,72,80,89,87,5.5,8